0.25380710659898476, 0.04
0.4464285714285714, 0.04
0.6479481641468683, 0.04
0.5813953488372093, 0.05
0.3834355828220859, 0.08
0.0772499034376207, 0.38
0.05279831045406547, 0.62
0.022371990268184233, 1.74
0.023234200743494422, 1.88
0.02426124508709787, 2.0
0.02204585537918871, 2.44
0.022398924851607122, 2.62
0.024062933826931976, 2.64
0.02284222548539729, 3.0
0.022699070851366483, 3.25
0.022127565414615257, 3.55
0.02336769759450172, 3.57
0.02465483234714004, 3.58
0.026011006762861756, 3.58
0.026947640734053733, 3.64
0.027643582081693367, 3.72
0.027662517289073305, 3.9
0.02733117060592017, 4.14
0.028403039125186397, 4.16
0.029098527614502705, 4.23
0.030171513449532346, 4.24
0.030235839548478128, 4.4
0.030612468020903946, 4.5
0.031596265103559486, 4.51
0.03267902660072765, 4.52
0.033737090121562355, 4.52
0.034804929248104764, 4.52
0.03457416157658177, 4.69
0.034038463463713996, 4.91
0.034992651543175934, 4.91
requests, 101809
errors, 35
