0.2702702702702703, 1.26
0.5405405405405406, 1.26
0.8108108108108109, 1.26
1.0810810810810811, 1.26
1.3333333333333335, 1.27
1.6, 1.27
1.866666666666667, 1.27
2.1333333333333333, 1.29
2.3746701846965697, 1.29
2.638522427440633, 1.29
2.9023746701846966, 1.29
3.0456852791878175, 1.35
3.1784841075794623, 1.39
3.4229828850855744, 1.39
3.597122302158273, 1.42
3.8186157517899764, 1.42
4.038004750593824, 1.44
4.275534441805226, 1.44
4.3478260869565215, 1.49
4.576659038901601, 1.5
4.805491990846682, 1.5
5.034324942791762, 1.5
5.1454138702460845, 1.52
5.369127516778524, 1.53
5.592841163310962, 1.53
5.567451820128479, 1.59
5.781584582441114, 1.6
5.809128630705394, 1.66
5.8350100603621735, 1.7
6.036217303822937, 1.7
6.11439842209073, 1.73
6.31163708086785, 1.73
6.508875739644971, 1.73
6.2157221206581355, 1.86
6.39853747714808, 1.86
6.581352833638025, 1.86
6.666666666666667, 1.9
6.608695652173912, 1.96
6.666666666666667, 1.99
6.837606837606838, 1.99
6.799336650082918, 2.06
6.315789473684211, 2.26
6.466165413533835, 2.26
6.518518518518518, 2.3
6.569343065693431, 2.33
6.715328467153285, 2.33
6.666666666666667, 2.4
6.760563380281689, 2.41
6.712328767123288, 2.5
6.675567423230974, 2.55
6.631989596879063, 2.61
6.762028608582575, 2.61
6.8920676202860855, 2.61
7.022106631989597, 2.61
7.152145643693109, 2.61
7.282184655396619, 2.61
7.412223667100131, 2.61
7.493540051679587, 2.63
7.525510204081633, 2.67
7.653061224489796, 2.67
7.780612244897959, 2.67
7.908163265306123, 2.68
7.6923076923076925, 2.78
7.814407814407814, 2.79
7.936507936507936, 2.79
7.551487414187644, 2.96
7.173447537473233, 3.18
7.211028632025451, 3.2
7.317073170731707, 3.2
7.306889352818372, 3.25
7.07876370887338, 3.4
7.178464606181456, 3.4
7.066795740561471, 3.5
7.163601161665054, 3.5
7.260406582768635, 3.5
7.357212003872217, 3.5
7.4324324324324325, 3.52
7.5289575289575295, 3.52
7.188353048225659, 3.73
7.21370604147881, 3.77
7.271095152603231, 3.79
7.360861759425494, 3.8
7.41733690795353, 3.8
7.506702412868632, 3.8
7.5690115761353525, 3.82
7.658058771148708, 3.82
7.6855123674911665, 3.86
7.773851590106007, 3.87
7.862190812720849, 3.87
7.82608695652174, 3.92
7.91304347826087, 3.92
7.829787234042553, 4.0
7.848101265822785, 4.04
7.768595041322314, 4.14
7.818930041152264, 4.14
7.901234567901234, 4.14
7.950819672131147, 4.15
8.032786885245901, 4.17
8.114754098360656, 4.17
8.19672131147541, 4.17
8.178137651821862, 4.21
8.225806451612904, 4.22
8.306451612903226, 4.22
8.38709677419355, 4.22
8.46774193548387, 4.22
8.514056224899598, 4.24
8.553157474020784, 4.27
8.40466926070039, 4.39
8.482490272373541, 4.39
8.270676691729323, 4.52
8.345864661654137, 4.52
8.421052631578947, 4.52
8.49624060150376, 4.52
8.571428571428571, 4.52
8.400292184075967, 4.66
8.473338203067932, 4.66
8.546384222059897, 4.66
8.619430241051864, 4.66
8.692476260043827, 4.66
8.765522279035793, 4.66
8.78721859114016, 4.7
8.640226628895183, 4.81
8.698727015558699, 4.82
8.75088214537756, 4.82
8.753501400560223, 4.87
8.792742498255409, 4.89
8.686730506155952, 4.98
requests, 1467
errors, 127
