0.40816326530612246, 0.83
0.8, 0.84
1.2, 0.84
1.5686274509803921, 0.86
1.8867924528301887, 0.9
2.2641509433962264, 0.9
3.3962264150943398, 0.9
3.018867924528302, 0.9
2.6415094339622645, 0.9
3.7735849056603774, 0.9
4.0, 0.93
4.285714285714286, 0.95
4.56140350877193, 0.96
4.666666666666667, 1.02
5.0, 1.02
5.333333333333334, 1.02
5.666666666666666, 1.02
6.0, 1.02
6.229508196721312, 1.03
6.557377049180328, 1.03
6.885245901639345, 1.04
7.213114754098362, 1.04
7.540983606557377, 1.04
7.766990291262135, 1.05
8.090614886731391, 1.05
8.414239482200648, 1.05
8.737864077669903, 1.05
9.06148867313916, 1.05
9.235668789808917, 1.07
9.554140127388536, 1.07
9.872611464968154, 1.07
8.142493638676845, 1.33
7.051282051282051, 1.57
6.759443339960239, 1.7
6.386861313868613, 1.84
6.569343065693431, 1.84
6.6907775768535265, 1.86
6.74955595026643, 1.9
6.927175843694494, 1.9
7.104795737122557, 1.9
7.282415630550622, 1.9
7.460035523978685, 1.9
7.63765541740675, 1.9
7.678883071553229, 1.93
7.7854671280276815, 1.95
7.890222984562607, 1.96
7.859531772575251, 2.02
8.02675585284281, 2.02
8.193979933110368, 2.02
8.361204013377927, 2.02
8.528428093645484, 2.02
8.623548922056385, 2.04
8.7893864013267, 2.04
8.881578947368421, 2.05
9.046052631578947, 2.05
9.210526315789473, 2.05
9.29853181076672, 2.07
9.461663947797716, 2.07
9.624796084828711, 2.07
8.658008658008658, 2.33
7.99475753604194, 2.57
7.37217598097503, 2.83
7.446808510638298, 2.85
7.5650118203309695, 2.85
7.638072855464159, 2.86
7.710280373831775, 2.89
7.827102803738317, 2.89
7.943925233644859, 2.89
8.013937282229964, 2.9
8.130081300813007, 2.9
8.246225319396052, 2.9
8.362369337979095, 2.9
8.478513356562138, 2.9
8.59465737514518, 2.9
8.710801393728223, 2.91
8.765859284890427, 2.93
8.830275229357799, 2.95
8.893956670467503, 2.96
9.007981755986318, 2.97
9.070294784580499, 2.99
9.03010033444816, 3.04
9.141583054626533, 3.04
9.151047409040794, 3.07
9.26130099228225, 3.07
9.371554575523705, 3.07
8.713272543059777, 3.33
8.115671641791044, 3.62
7.878245299910475, 3.77
7.827616534740544, 3.83
7.880910683012258, 3.85
7.968476357267951, 3.85
8.020924149956409, 3.86
8.072916666666668, 3.89
8.124459809853068, 3.9
8.210890233362143, 3.9
8.297320656871218, 3.9
8.383751080380295, 3.9
8.47018150388937, 3.9
8.556611927398444, 3.9
8.605851979345955, 3.93
8.617747440273039, 3.95
8.70307167235495, 3.96
8.75106202209006, 3.97
8.79864636209814, 3.99
8.808724832214764, 4.03
8.85547201336675, 4.04
8.939014202172096, 4.04
8.947804473902236, 4.07
9.030654515327258, 4.07
8.78594249201278, 4.23
8.865814696485623, 4.23
8.910103420843278, 4.24
8.989657915672236, 4.24
8.864696734059098, 4.33
8.543833580980683, 4.54
8.460977388767322, 4.62
8.502906976744185, 4.64
8.575581395348838, 4.64
8.616944243301955, 4.66
8.47457627118644, 4.77
8.426183844011142, 4.83
8.495821727019498, 4.85
8.565459610027855, 4.85
8.575380359612724, 4.86
8.61474844934528, 4.89
8.653846153846153, 4.9
8.722527472527473, 4.9
8.791208791208792, 4.9
8.85989010989011, 4.9
8.928571428571429, 4.9
8.997252747252746, 4.9
8.973487423521414, 4.95
9.041468388851122, 4.96
9.109449354180828, 4.96
9.146341463414634, 4.98
9.182984469952734, 5.0
9.25050641458474, 5.0
requests, 1486
errors, 137
