0.49504950495049505, 0.03
0.5291005291005291, 0.04
0.6263048016701461, 0.04
0.07271405199054717, 0.27
0.09017132551848511, 0.28
0.10613833362816204, 0.28
0.12347856764861528, 0.28
0.13939710751001916, 0.29
0.1459380574023026, 0.31
0.15895724050230486, 0.31
0.1717408274785324, 0.32
0.1869158878504673, 0.32
0.19058789033866003, 0.34
0.2047082906857728, 0.34
0.21770682148040638, 0.34
0.10121457489878542, 0.75
0.06821008706816996, 1.22
0.06474121497680108, 1.36
0.05976534239250102, 1.55
0.05621609466790342, 1.73
0.055001178596684214, 1.86
0.054651596075021736, 1.96
0.04618844887139529, 2.43
0.04700536644600259, 2.49
0.04860787058640535, 2.51
0.049281625535463815, 2.57
0.0491767448637622, 2.68
0.04888865608576467, 2.79
0.047752346451506666, 2.98
0.04909421179242967, 3.01
0.050706621303323735, 3.01
0.05232006801608843, 3.01
0.05352711229339346, 3.03
0.05513662531419768, 3.03
0.05675829076461526, 3.03
0.058326987573111264, 3.04
0.059634136513820615, 3.05
0.05712997068330451, 3.28
0.05839984426708195, 3.3
0.05986769239979645, 3.3
0.06127817301369044, 3.3
0.06251395400759098, 3.31
0.06320276328360402, 3.36
0.0637200950008689, 3.4
0.06504582116735567, 3.41
0.06399554813578186, 3.54
0.06437386147292874, 3.59
0.056393627520090236, 4.19
0.056415215989684075, 4.28
0.05460422855145902, 4.5
0.053652583740111094, 4.67
requests, 102007
errors, 51
