0.33333333333333337, 1.02
0.6666666666666667, 1.02
1.0, 1.02
1.3333333333333335, 1.02
1.6666666666666667, 1.02
2.0, 1.02
3.3333333333333335, 1.02
2.3333333333333335, 1.02
4.0, 1.02
3.0, 1.02
3.6666666666666665, 1.02
2.666666666666667, 1.02
4.1269841269841265, 1.08
4.3076923076923075, 1.12
4.615384615384616, 1.12
4.878048780487805, 1.12
4.857142857142857, 1.19
5.142857142857142, 1.19
5.428571428571429, 1.19
5.714285714285714, 1.19
6.0, 1.2
6.027397260273973, 1.25
6.216216216216217, 1.27
6.315789473684211, 1.29
6.578947368421052, 1.29
6.842105263157896, 1.3
6.666666666666667, 1.37
6.91358024691358, 1.37
7.160493827160494, 1.37
7.4074074074074066, 1.37
7.654320987654321, 1.37
7.00218818380744, 1.56
6.991525423728813, 1.61
6.33147113594041, 1.83
6.129597197898424, 1.94
6.196213425129088, 1.98
6.271186440677965, 2.01
6.129032258064516, 2.11
6.290322580645161, 2.11
6.451612903225806, 2.11
6.612903225806452, 2.11
6.656101426307448, 2.14
6.656346749226007, 2.2
6.7588325652841785, 2.21
6.912442396313365, 2.21
6.906906906906906, 2.26
7.057057057057057, 2.26
7.207207207207207, 2.26
7.163742690058479, 2.33
7.173601147776183, 2.38
7.296137339055794, 2.38
6.709677419354838, 2.65
6.838709677419355, 2.65
6.844106463878327, 2.68
6.970849176172369, 2.68
7.026348808030113, 2.71
6.761565836298933, 2.88
6.880189798339265, 2.88
6.998813760379596, 2.88
7.11743772241993, 2.88
6.86936936936937, 3.03
6.981981981981981, 3.03
7.094594594594595, 3.03
7.032967032967033, 3.1
7.096069868995633, 3.13
7.20524017467249, 3.13
7.314410480349346, 3.13
7.343412526997841, 3.16
7.2708113804004215, 3.24
6.965174129353234, 3.43
7.064676616915423, 3.43
6.903163950143816, 3.57
6.999041227229147, 3.57
7.094918504314478, 3.57
7.1907957813998085, 3.57
6.649168853893263, 3.9
6.713164777680906, 3.9
6.800348735832607, 3.9
6.851691240242845, 3.94
6.633499170812604, 4.1
6.7164179104477615, 4.11
6.754530477759473, 4.14
6.831275720164609, 4.14
6.907894736842106, 4.14
6.933115823817292, 4.17
6.957928802588997, 4.21
7.038834951456311, 4.21
7.0910556003223215, 4.22
7.17163577759871, 4.22
7.223113964686998, 4.24
6.994619523443505, 4.42
6.912096168294515, 4.52
6.893995552260934, 4.59
6.932153392330384, 4.61
6.785714285714286, 4.76
6.857142857142858, 4.76
6.928571428571429, 4.76
6.975088967971531, 4.77
7.04626334519573, 4.77
6.978367062107467, 4.87
7.038327526132404, 4.88
7.10801393728223, 4.88
7.1280276816609, 4.91
requests, 1470
errors, 103
