Infinity, 0.02
0.7017543859649122, 0.98
1.0344827586206897, 0.99
1.3793103448275863, 0.99
1.7241379310344827, 0.99
2.0689655172413794, 0.99
2.413793103448276, 0.99
2.7586206896551726, 0.99
3.103448275862069, 0.99
3.4482758620689653, 0.99
3.793103448275862, 0.99
4.137931034482759, 0.99
4.482758620689655, 0.99
4.745762711864407, 1.02
5.084745762711865, 1.02
5.423728813559322, 1.02
5.762711864406779, 1.02
6.101694915254238, 1.02
6.440677966101695, 1.02
6.779661016949152, 1.02
6.176470588235294, 1.17
6.470588235294119, 1.17
6.764705882352941, 1.17
7.0588235294117645, 1.17
7.352941176470589, 1.17
5.777777777777778, 1.53
5.625, 1.64
4.844290657439446, 1.97
4.931972789115646, 1.99
5.1020408163265305, 1.99
5.272108843537415, 1.99
5.442176870748299, 1.99
5.612244897959184, 1.99
5.782312925170068, 1.99
5.952380952380952, 1.99
6.122448979591836, 1.99
6.292517006802721, 1.99
6.462585034013606, 1.99
6.63265306122449, 1.99
6.745362563237774, 2.02
6.913996627318718, 2.02
7.082630691399664, 2.02
7.251264755480608, 2.02
7.419898819561552, 2.02
7.588532883642496, 2.02
7.75716694772344, 2.02
7.925801011804384, 2.02
8.094435075885329, 2.02
8.263069139966273, 2.02
8.431703204047219, 2.02
8.600337268128163, 2.02
8.768971332209107, 2.02
8.937605396290051, 2.02
9.106239460370995, 2.02
9.27487352445194, 2.02
9.443507588532883, 2.02
9.612141652613827, 2.02
9.780775716694773, 2.02
9.949409780775717, 2.02
10.118043844856661, 2.02
10.286677908937605, 2.02
10.45531197301855, 2.02
10.623946037099493, 2.02
10.792580101180437, 2.02
10.961214165261383, 2.02
9.335219236209335, 2.41
9.476661951909476, 2.41
9.12751677852349, 2.53
8.571428571428571, 2.73
8.695652173913043, 2.73
8.71165644171779, 2.77
8.200455580865604, 2.99
8.314350797266515, 2.99
8.390022675736962, 2.99
8.503401360544217, 2.99
8.558558558558559, 3.02
8.67117117117117, 3.02
8.783783783783784, 3.02
8.896396396396396, 3.02
9.00900900900901, 3.02
9.121621621621621, 3.02
9.182530795072788, 3.03
9.002169197396963, 3.13
8.926673751328375, 3.19
9.032943676939425, 3.2
9.05263157894737, 3.24
9.157894736842104, 3.24
9.263157894736842, 3.24
9.319371727748692, 3.26
9.375, 3.27
8.766859344894026, 3.53
8.574091332712023, 3.66
8.667287977632805, 3.66
8.760484622553587, 3.66
8.853681267474371, 3.66
8.946877912395154, 3.66
9.040074557315938, 3.66
9.124767225325884, 3.66
9.01639344262295, 3.73
9.107468123861565, 3.73
8.647260273972602, 3.97
8.695652173913043, 3.99
8.780903665814153, 3.99
8.791208791208792, 4.02
8.875739644970414, 4.02
8.960270498732037, 4.02
9.04480135249366, 4.02
9.129332206255283, 4.02
9.213863060016907, 4.02
9.29839391377853, 4.03
9.382924767540151, 4.03
9.202958093672967, 4.13
9.247135842880523, 4.15
9.328968903436989, 4.16
9.410801963993453, 4.16
9.492635024549918, 4.16
9.512195121951219, 4.19
9.554655870445345, 4.2
9.558232931726907, 4.24
9.56175298804781, 4.27
9.603174603174605, 4.28
9.138576779026216, 4.53
9.07749077490775, 4.61
9.057706355003653, 4.66
9.130752373995616, 4.66
9.203798392987581, 4.66
9.276844411979548, 4.66
9.215262778977682, 4.73
9.287257019438446, 4.73
9.034051424600417, 4.88
8.954203691045796, 4.97
8.991825613079019, 4.99
9.059945504087194, 4.99
requests, 1473
errors, 133
