0.09881422924901186, 0.07
0.1943634596695821, 0.07
0.28708133971291866, 0.07
0.37629350893697083, 0.07
0.4537205081669692, 0.07
0.34071550255536626, 0.1
0.0974794596852806, 0.36
0.11137407768341918, 0.36
0.12366034624896949, 0.36
0.11152001784320285, 0.44
0.12256267409470753, 0.44
0.11132758140829391, 0.53
0.06890337626543701, 0.91
0.07420363597816293, 0.91
0.07800717666025275, 0.93
0.08316872855806216, 0.93
0.07069194943446441, 1.18
0.07475393496407659, 1.18
0.07815392209287976, 1.19
0.0607773422068253, 1.61
0.060548395467520104, 1.69
0.04267866842554512, 2.53
0.04269934094495498, 2.64
0.03644314868804665, 3.23
0.029771119632267133, 4.15
0.030135144532789353, 4.26
0.030906947194908368, 4.31
0.03118213709003842, 4.43
0.03180940680940681, 4.49
0.03275752877202944, 4.51
0.0333207932498522, 4.58
0.03358698504329572, 4.69
0.03455859252277725, 4.7
0.03557452863749555, 4.7
0.03642570197531378, 4.73
0.037350210094931786, 4.74
0.03794404791205185, 4.79
0.038941209022063265, 4.8
0.03994060115725332, 4.8
0.04095800780250049, 4.8
0.04128860736548474, 4.89
0.04228457519103567, 4.89
requests, 101578
errors, 42
