20.0, 0.04
6.666666666666667, 0.13
8.571428571428571, 0.14
7.2727272727272725, 0.2
9.090909090909092, 0.21
10.909090909090908, 0.21
12.727272727272727, 0.21
14.545454545454545, 0.21
16.363636363636363, 0.21
18.181818181818183, 0.21
20.0, 0.21
21.818181818181817, 0.21
23.636363636363637, 0.21
25.454545454545453, 0.21
27.27272727272727, 0.21
26.666666666666668, 0.23
28.333333333333332, 0.23
30.0, 0.23
31.666666666666664, 0.23
33.33333333333333, 0.23
35.0, 0.23
36.666666666666664, 0.23
35.38461538461539, 0.23
36.92307692307693, 0.23
38.46153846153847, 0.23
40.0, 0.23
41.53846153846154, 0.23
43.07692307692308, 0.23
44.61538461538462, 0.23
46.15384615384615, 0.23
47.69230769230769, 0.24
49.23076923076923, 0.24
50.76923076923077, 0.24
52.307692307692314, 0.24
53.84615384615385, 0.24
55.38461538461539, 0.24
56.92307692307692, 0.24
58.46153846153847, 0.24
60.0, 0.24
61.53846153846154, 0.24
63.07692307692307, 0.24
64.61538461538461, 0.24
66.15384615384615, 0.24
67.6923076923077, 0.24
69.23076923076923, 0.24
70.76923076923077, 0.24
72.3076923076923, 0.24
73.84615384615385, 0.24
75.38461538461539, 0.25
76.92307692307693, 0.25
78.46153846153847, 0.25
80.0, 0.25
75.71428571428571, 0.25
77.14285714285715, 0.25
78.57142857142857, 0.25
80.0, 0.25
81.42857142857143, 0.25
82.85714285714286, 0.25
84.28571428571429, 0.25
85.71428571428571, 0.25
87.14285714285714, 0.25
88.57142857142857, 0.25
90.0, 0.25
91.42857142857143, 0.25
76.47058823529412, 0.3
73.33333333333333, 0.32
74.44444444444444, 0.32
75.55555555555556, 0.33
62.727272727272734, 0.39
60.86956521739131, 0.41
61.73913043478261, 0.41
60.50420168067227, 0.42
60.83333333333333, 0.42
61.66666666666667, 0.42
62.5, 0.42
63.33333333333333, 0.42
64.16666666666667, 0.42
65.0, 0.42
65.83333333333333, 0.42
66.66666666666666, 0.42
67.5, 0.42
68.33333333333333, 0.42
69.16666666666667, 0.42
70.0, 0.42
70.83333333333334, 0.42
71.66666666666667, 0.42
72.5, 0.42
73.33333333333333, 0.43
74.16666666666667, 0.43
73.17073170731707, 0.43
72.8, 0.44
73.6, 0.44
74.4, 0.44
75.2, 0.44
76.0, 0.44
76.8, 0.44
77.60000000000001, 0.45
75.38461538461539, 0.45
76.15384615384615, 0.45
76.92307692307693, 0.45
77.6923076923077, 0.45
78.46153846153847, 0.46
79.23076923076923, 0.46
80.0, 0.46
80.76923076923077, 0.46
81.53846153846153, 0.46
82.3076923076923, 0.46
80.0, 0.48
77.85714285714286, 0.48
78.57142857142857, 0.48
76.55172413793103, 0.5
77.24137931034483, 0.5
77.93103448275862, 0.5
78.62068965517241, 0.5
79.3103448275862, 0.5
77.33333333333333, 0.52
78.0, 0.52
78.66666666666666, 0.52
79.33333333333333, 0.53
80.0, 0.53
80.66666666666666, 0.53
81.33333333333333, 0.53
82.0, 0.53
82.66666666666667, 0.53
83.33333333333334, 0.53
84.0, 0.53
84.66666666666667, 0.53
85.33333333333334, 0.53
86.0, 0.53
86.66666666666667, 0.53
87.33333333333333, 0.53
88.0, 0.53
88.0794701986755, 0.53
87.58169934640523, 0.53
87.09677419354838, 0.53
87.74193548387098, 0.53
88.38709677419355, 0.53
89.03225806451613, 0.54
89.6774193548387, 0.54
90.32258064516128, 0.54
90.96774193548387, 0.54
91.61290322580645, 0.54
92.25806451612904, 0.54
92.90322580645162, 0.54
93.54838709677419, 0.54
94.19354838709677, 0.55
91.875, 0.56
87.05882352941177, 0.59
87.6470588235294, 0.59
86.70520231213872, 0.6
86.28571428571429, 0.6
86.85714285714286, 0.6
87.42857142857143, 0.6
88.0, 0.6
88.57142857142857, 0.6
89.14285714285714, 0.6
89.71428571428571, 0.62
88.76404494382022, 0.62
88.33333333333333, 0.62
88.88888888888889, 0.62
89.44444444444444, 0.62
90.0, 0.62
90.55555555555556, 0.63
91.11111111111111, 0.63
89.1891891891892, 0.64
87.36842105263159, 0.66
87.89473684210526, 0.66
88.42105263157895, 0.66
88.94736842105263, 0.66
89.47368421052632, 0.66
90.0, 0.67
90.52631578947368, 0.67
88.71794871794872, 0.67
87.0, 0.69
87.5, 0.69
88.0, 0.69
88.5, 0.69
89.0, 0.69
89.5, 0.69
90.0, 0.69
90.5, 0.69
91.0, 0.69
91.5, 0.7
92.0, 0.7
91.13300492610837, 0.7
90.73170731707317, 0.7
91.21951219512195, 0.71
91.70731707317074, 0.71
92.19512195121952, 0.71
92.6829268292683, 0.71
93.17073170731707, 0.71
93.65853658536587, 0.71
94.14634146341463, 0.72
94.1747572815534, 0.72
92.85714285714286, 0.72
93.33333333333333, 0.72
93.80952380952381, 0.73
94.28571428571428, 0.73
92.55813953488372, 0.74
93.02325581395348, 0.75
93.48837209302326, 0.75
93.95348837209302, 0.75
92.27272727272727, 0.75
92.72727272727272, 0.76
89.91228070175438, 0.78
89.56521739130436, 0.79
90.0, 0.79
90.43478260869566, 0.79
90.8695652173913, 0.79
91.30434782608695, 0.79
91.73913043478261, 0.79
92.17391304347827, 0.79
92.6086956521739, 0.79
93.04347826086956, 0.79
93.47826086956522, 0.79
93.91304347826087, 0.79
94.34782608695652, 0.79
94.78260869565217, 0.8
94.8051948051948, 0.8
93.61702127659575, 0.81
94.04255319148936, 0.81
94.46808510638299, 0.81
94.8936170212766, 0.81
95.31914893617022, 0.81
95.74468085106383, 0.81
96.17021276595744, 0.82
96.1864406779661, 0.82
95.0, 0.82
93.46938775510203, 0.85
93.87755102040816, 0.85
94.28571428571428, 0.85
94.6938775510204, 0.85
93.2, 0.85
93.60000000000001, 0.85
94.0, 0.86
94.39999999999999, 0.86
94.8, 0.86
95.19999999999999, 0.86
95.6, 0.86
96.0, 0.86
96.39999999999999, 0.86
96.8, 0.86
97.2, 0.86
95.68627450980392, 0.87
96.07843137254902, 0.87
96.47058823529412, 0.87
96.86274509803921, 0.88
97.25490196078431, 0.88
97.6470588235294, 0.88
98.0392156862745, 0.88
98.4313725490196, 0.88
98.82352941176471, 0.88
97.3076923076923, 0.88
97.6923076923077, 0.89
98.07692307692307, 0.89
98.46153846153847, 0.89
98.84615384615385, 0.89
99.23076923076923, 0.89
99.61538461538461, 0.89
100.0, 0.89
100.38461538461539, 0.89
100.76923076923077, 0.89
101.15384615384615, 0.89
101.53846153846153, 0.89
101.92307692307692, 0.89
102.30769230769229, 0.9
102.69230769230768, 0.9
97.45454545454545, 0.94
96.07142857142857, 0.95
96.42857142857143, 0.95
96.78571428571429, 0.96
96.45390070921985, 0.97
95.78947368421052, 0.97
96.14035087719299, 0.98
96.49122807017544, 0.98
96.84210526315789, 0.98
95.51724137931035, 0.99
95.86206896551724, 0.99
96.20689655172414, 0.99
96.55172413793103, 0.99
96.89655172413794, 0.99
97.24137931034483, 0.99
97.58620689655172, 0.99
97.93103448275862, 0.99
98.27586206896551, 0.99
98.62068965517241, 0.99
98.9655172413793, 0.99
99.3103448275862, 1.0
99.6551724137931, 1.0
99.65635738831615, 1.0
98.64406779661017, 1.01
98.98305084745763, 1.01
99.32203389830508, 1.01
99.66101694915255, 1.01
100.0, 1.01
100.33898305084745, 1.01
100.6779661016949, 1.01
101.01694915254238, 1.01
101.35593220338983, 1.01
100.0, 1.02
100.33333333333334, 1.02
100.66666666666666, 1.02
101.0, 1.02
101.33333333333334, 1.02
101.66666666666666, 1.03
102.0, 1.03
102.33333333333334, 1.03
102.66666666666666, 1.03
103.0, 1.03
103.33333333333334, 1.03
102.98013245033113, 1.03
102.29508196721311, 1.04
102.62295081967213, 1.04
102.95081967213116, 1.04
103.27868852459017, 1.04
103.60655737704919, 1.04
103.93442622950819, 1.04
104.26229508196721, 1.04
104.59016393442624, 1.04
104.91803278688525, 1.04
105.24590163934427, 1.04
105.57377049180327, 1.04
105.90163934426229, 1.04
106.2295081967213, 1.04
104.83870967741935, 1.05
105.16129032258064, 1.05
105.48387096774195, 1.05
105.80645161290323, 1.05
106.12903225806451, 1.05
106.4516129032258, 1.06
106.77419354838709, 1.06
107.0967741935484, 1.06
107.41935483870968, 1.07
106.03174603174604, 1.08
106.34920634920636, 1.08
106.66666666666667, 1.08
102.12121212121212, 1.12
102.42424242424242, 1.13
102.72727272727273, 1.13
103.03030303030303, 1.13
103.33333333333334, 1.13
103.63636363636364, 1.13
102.38805970149254, 1.14
102.6865671641791, 1.15
102.98507462686568, 1.15
103.28358208955224, 1.15
102.05882352941175, 1.16
98.02816901408451, 1.2
98.30985915492958, 1.22
98.59154929577466, 1.22
98.87323943661971, 1.22
98.87640449438202, 1.22
98.8795518207283, 1.22
98.60724233983287, 1.22
98.61111111111111, 1.23
98.88888888888889, 1.23
99.16666666666667, 1.23
99.44444444444444, 1.23
99.72222222222223, 1.23
100.0, 1.23
100.27777777777777, 1.23
100.2770083102493, 1.24
100.55401662049861, 1.24
100.55248618784532, 1.24
100.82872928176796, 1.24
101.10497237569061, 1.24
100.54794520547945, 1.24
100.82191780821918, 1.24
101.0958904109589, 1.24
101.36986301369863, 1.24
100.27027027027027, 1.27
100.54054054054053, 1.27
99.46666666666667, 1.27
99.73333333333333, 1.27
100.0, 1.27
98.94736842105263, 1.29
99.21052631578947, 1.29
99.47368421052632, 1.29
99.73684210526315, 1.29
100.0, 1.29
100.26315789473684, 1.3
100.52631578947368, 1.3
99.48051948051948, 1.31
99.74025974025975, 1.31
100.0, 1.31
100.25974025974025, 1.31
100.51948051948052, 1.31
100.77922077922076, 1.31
101.03896103896103, 1.32
100.0, 1.32
100.25641025641025, 1.33
100.51282051282051, 1.33
100.76923076923077, 1.33
101.02564102564102, 1.33
101.28205128205127, 1.33
101.53846153846153, 1.33
101.7948717948718, 1.33
101.79028132992327, 1.34
101.0126582278481, 1.34
101.26582278481013, 1.34
101.51898734177216, 1.34
101.7721518987342, 1.35
99.75247524752476, 1.37
99.75308641975309, 1.37
100.0, 1.37
100.24691358024691, 1.37
100.49382716049382, 1.37
100.74074074074073, 1.37
100.98765432098766, 1.37
100.0, 1.39
98.79807692307693, 1.42
98.8009592326139, 1.42
99.04076738609112, 1.42
99.28057553956835, 1.42
99.52038369304557, 1.42
99.04761904761905, 1.42
99.28571428571429, 1.43
99.52380952380952, 1.43
99.76190476190476, 1.44
100.0, 1.44
100.23809523809524, 1.44
100.47619047619048, 1.44
99.76415094339622, 1.44
100.0, 1.44
100.0, 1.44
100.23529411764707, 1.44
99.30232558139535, 1.46
99.53488372093024, 1.46
99.76744186046511, 1.47
100.0, 1.47
100.23255813953489, 1.47
100.46511627906978, 1.47
99.54022988505747, 1.47
99.77011494252874, 1.48
100.0, 1.48
100.22988505747125, 1.48
100.0, 1.49
99.54545454545455, 1.49
99.77272727272727, 1.49
100.0, 1.49
100.22727272727272, 1.49
100.45454545454547, 1.49
100.68181818181819, 1.49
100.9090909090909, 1.49
101.13636363636364, 1.5
101.36363636363637, 1.5
101.5909090909091, 1.5
101.81818181818181, 1.5
101.5837104072398, 1.5
101.12359550561798, 1.5
101.34831460674157, 1.5
101.57303370786516, 1.51
101.79775280898878, 1.51
102.02247191011236, 1.51
102.24719101123596, 1.51
102.69662921348315, 1.51
102.47191011235954, 1.51
102.92134831460673, 1.51
103.14606741573033, 1.51
103.37078651685394, 1.51
103.59550561797752, 1.51
103.82022471910113, 1.51
102.43362831858407, 1.54
102.65486725663717, 1.54
102.87610619469028, 1.54
103.09734513274336, 1.54
102.63736263736263, 1.54
102.40700218818381, 1.55
101.95652173913044, 1.56
102.17391304347827, 1.56
102.39130434782608, 1.56
102.60869565217392, 1.57
102.82608695652173, 1.57
103.04347826086956, 1.57
103.26086956521738, 1.57
103.47826086956522, 1.57
103.24675324675326, 1.57
102.7956989247312, 1.57
103.01075268817203, 1.58
103.2258064516129, 1.58
103.21888412017168, 1.59
103.21199143468951, 1.59
103.42612419700214, 1.59
102.9787234042553, 1.59
103.19148936170212, 1.59
103.40425531914894, 1.59
103.61702127659575, 1.6
102.73684210526315, 1.62
101.875, 1.62
102.08333333333333, 1.63
102.29166666666667, 1.63
102.49999999999999, 1.63
102.28215767634853, 1.64
102.06611570247934, 1.64
102.27272727272727, 1.65
102.4793388429752, 1.65
101.6359918200409, 1.66
101.01419878296144, 1.67
101.01214574898785, 1.67
101.21457489878543, 1.67
101.41700404858301, 1.67
101.61943319838056, 1.68
101.82186234817814, 1.68
102.02429149797571, 1.68
101.20240480961924, 1.69
101.40280561122243, 1.7
100.59523809523809, 1.71
100.79365079365078, 1.72
100.0, 1.72
100.19646365422396, 1.72
100.39292730844794, 1.74
100.5893909626719, 1.74
100.39138943248534, 1.74
100.0, 1.74
100.19455252918289, 1.75
100.38910505836576, 1.75
99.61464354527938, 1.77
98.85496183206108, 1.78
99.04580152671755, 1.78
99.23664122137404, 1.78
99.42748091603053, 1.78
99.61832061068702, 1.79
99.80916030534351, 1.79
99.80952380952381, 1.79
99.80988593155894, 1.79
100.0, 1.79
99.62192816635161, 1.79
99.8109640831758, 1.8
100.0, 1.8
100.0, 1.8
99.43820224719101, 1.81
99.625468164794, 1.81
99.812734082397, 1.81
100.0, 1.81
100.18726591760299, 1.82
100.0, 1.82
100.18656716417911, 1.82
100.37313432835822, 1.82
100.0, 1.82
100.18552875695732, 1.82
100.37105751391466, 1.82
100.55658627087199, 1.82
99.81617647058823, 1.85
100.0, 1.85
100.18382352941177, 1.85
100.36764705882352, 1.85
100.5514705882353, 1.85
99.63636363636364, 1.87
99.09747292418773, 1.88
99.27797833935018, 1.88
99.45848375451264, 1.88
99.63898916967509, 1.89
99.81949458483754, 1.89
100.0, 1.89
100.18050541516246, 1.89
100.36101083032491, 1.89
100.17985611510791, 1.89
99.82110912343471, 1.89
100.0, 1.89
100.17889087656529, 1.89
100.3577817531306, 1.89
98.76977152899823, 1.93
98.94551845342706, 1.94
98.94736842105263, 1.94
98.43205574912892, 1.94
98.60627177700349, 1.94
98.78048780487805, 1.95
98.95470383275261, 1.95
99.12891986062718, 1.95
98.44559585492227, 1.96
98.61830742659758, 1.96
98.79101899827289, 1.96
98.96373056994818, 1.96
99.13644214162349, 1.96
99.3091537132988, 1.96
99.48186528497409, 1.96
99.65457685664938, 1.96
99.8272884283247, 1.96
100.0, 1.96
100.17271157167531, 1.96
100.3454231433506, 1.96
99.65753424657534, 1.98
99.82876712328768, 1.98
100.0, 1.98
100.17123287671232, 1.99
99.49066213921901, 1.99
99.66044142614601, 2.0
99.830220713073, 2.0
100.0, 2.0
100.16977928692698, 2.0
100.0, 2.0
99.66329966329967, 2.01
99.83164983164983, 2.01
100.0, 2.01
100.16835016835017, 2.01
100.33670033670035, 2.01
100.50505050505049, 2.02
99.8330550918197, 2.03
100.0, 2.03
100.1669449081803, 2.03
100.3338898163606, 2.03
100.5008347245409, 2.04
100.66777963272119, 2.04
100.8347245409015, 2.04
101.0016694490818, 2.04
101.1686143572621, 2.04
101.3355592654424, 2.04
101.5025041736227, 2.04
101.33111480865225, 2.04
101.49750415973378, 2.04
101.66389351081531, 2.04
101.32450331125828, 2.04
101.49006622516556, 2.05
101.65562913907284, 2.05
101.82119205298012, 2.05
101.98675496688743, 2.05
101.98347107438018, 2.05
102.14876033057851, 2.05
102.31404958677686, 2.05
101.80623973727423, 2.06
101.9704433497537, 2.07
102.13464696223318, 2.07
102.29885057471265, 2.07
102.46305418719213, 2.07
102.62725779967158, 2.07
102.79146141215108, 2.07
102.95566502463053, 2.07
103.11986863711002, 2.07
103.28407224958949, 2.07
103.44827586206897, 2.07
103.61247947454844, 2.07
103.60655737704919, 2.07
103.60065466448445, 2.07
103.25732899022802, 2.08
103.42019543973942, 2.08
102.74636510500808, 2.1
102.90791599353797, 2.1
102.24358974358974, 2.11
102.40384615384615, 2.11
102.56410256410255, 2.11
102.72435897435896, 2.11
102.88461538461537, 2.11
103.04487179487178, 2.11
103.20512820512822, 2.11
103.36538461538463, 2.11
103.52564102564104, 2.12
102.86168521462639, 2.13
103.02066772655007, 2.13
103.17965023847377, 2.13
103.33863275039745, 2.13
103.49761526232115, 2.13
103.65659777424483, 2.13
102.9968454258675, 2.14
103.15457413249212, 2.15
103.31230283911673, 2.15
103.30708661417323, 2.16
103.30188679245282, 2.16
102.9733959311424, 2.16
103.12989045383412, 2.17
103.28638497652582, 2.17
102.63975155279503, 2.18
102.79503105590062, 2.18
102.95031055900621, 2.18
102.31124807395994, 2.2
102.46533127889059, 2.2
102.61941448382126, 2.2
102.77349768875193, 2.2
102.92758089368259, 2.2
103.08166409861326, 2.2
103.07692307692307, 2.21
103.07219662058371, 2.21
102.75229357798166, 2.21
102.90519877675841, 2.21
103.05810397553516, 2.21
103.21100917431193, 2.21
103.36391437308869, 2.22
102.73141122913505, 2.23
102.88315629742033, 2.23
103.03490136570561, 2.23
103.18664643399089, 2.23
103.33839150227617, 2.23
103.49013657056145, 2.23
103.64188163884674, 2.23
103.79362670713202, 2.24
103.16265060240963, 2.25
103.3132530120482, 2.25
103.15315315315314, 2.26
102.84005979073243, 2.26
102.98953662182362, 2.27
103.13901345291481, 2.27
103.28849028400597, 2.27
103.43796711509717, 2.27
102.81899109792285, 2.28
102.9673590504451, 2.28
103.11572700296736, 2.28
103.26409495548961, 2.28
103.41246290801188, 2.28
103.56083086053411, 2.28
103.70919881305637, 2.28
103.85756676557864, 2.28
104.00593471810089, 2.28
104.15430267062315, 2.28
104.3026706231454, 2.29
104.45103857566767, 2.29
104.44444444444446, 2.29
104.4378698224852, 2.29
104.1237113402062, 2.3
104.27098674521356, 2.3
104.41826215022093, 2.3
104.56553755522829, 2.3
104.71281296023565, 2.3
104.86008836524302, 2.3
104.23976608187135, 2.31
104.3859649122807, 2.31
104.53216374269006, 2.31
104.67836257309942, 2.31
104.82456140350878, 2.32
104.97076023391814, 2.32
104.35413642960813, 2.34
104.34782608695652, 2.34
103.89048991354466, 2.34
104.03458213256485, 2.35
104.17867435158502, 2.35
104.02298850574712, 2.36
104.16666666666667, 2.36
104.3103448275862, 2.36
104.00572246065809, 2.37
104.14878397711016, 2.37
104.29184549356223, 2.37
104.4349070100143, 2.37
104.57796852646639, 2.37
104.72103004291846, 2.37
104.56490727532098, 2.37
104.70756062767475, 2.37
104.85021398002854, 2.37
104.99286733238232, 2.37
104.6875, 2.38
104.82954545454545, 2.38
104.97159090909092, 2.38
105.11363636363636, 2.38
104.51339915373765, 2.39
104.65444287729196, 2.4
104.79548660084626, 2.4
104.93653032440055, 2.4
104.34173669467788, 2.42
104.48179271708685, 2.42
104.32960893854748, 2.42
104.46927374301676, 2.42
104.17246175243393, 2.43
104.31154381084839, 2.43
104.45062586926286, 2.44
104.2995839112344, 2.44
104.00552486187846, 2.44
104.14364640883977, 2.46
103.99449035812671, 2.46
103.7037037037037, 2.46
103.84087791495197, 2.46
103.97805212620028, 2.46
104.11522633744856, 2.46
104.25240054869684, 2.46
104.38957475994512, 2.46
104.5267489711934, 2.46
104.6639231824417, 2.46
104.80109739368999, 2.47
104.2234332425068, 2.48
104.35967302452316, 2.48
104.49591280653951, 2.48
104.63215258855585, 2.49
104.7683923705722, 2.49
104.76190476190477, 2.49
104.75543478260869, 2.49
104.46549391069013, 2.49
104.60081190798375, 2.5
104.73612990527741, 2.51
104.87144790257103, 2.51
104.86486486486486, 2.51
105.0, 2.51
105.13513513513513, 2.51
105.27027027027027, 2.51
105.40540540540539, 2.51
105.39811066126856, 2.51
105.53306342780027, 2.51
105.668016194332, 2.51
105.3763440860215, 2.52
105.51075268817205, 2.52
105.64516129032258, 2.52
105.77956989247312, 2.52
105.20694259012015, 2.54
105.34045393858477, 2.54
105.4739652870494, 2.54
105.60747663551402, 2.54
105.74098798397864, 2.54
105.87449933244326, 2.54
106.00801068090789, 2.54
106.14152202937251, 2.54
105.99201065246338, 2.54
106.12516644474034, 2.54
105.83554376657824, 2.55
105.6878306878307, 2.56
105.82010582010581, 2.56
105.53359683794466, 2.56
105.66534914361002, 2.56
105.79710144927536, 2.56
105.92885375494072, 2.56
106.06060606060606, 2.56
106.1923583662714, 2.56
106.32411067193677, 2.56
106.4558629776021, 2.57
106.58761528326745, 2.57
106.71936758893281, 2.57
106.85111989459814, 2.57
106.9828722002635, 2.57
107.11462450592886, 2.57
105.851755526658, 2.6
105.98179453836151, 2.6
106.11183355006501, 2.6
106.24187256176853, 2.6
106.37191157347203, 2.6
106.50195058517555, 2.6
106.63198959687907, 2.61
106.76202860858257, 2.61
106.6147859922179, 2.61
106.74448767833982, 2.61
106.87418936446174, 2.61
107.00389105058366, 2.61
107.13359273670558, 2.61
107.2632944228275, 2.61
107.39299610894942, 2.61
107.52269779507134, 2.61
107.65239948119326, 2.61
107.3643410852713, 2.61
107.49354005167959, 2.61
107.62273901808786, 2.62
107.4742268041237, 2.62
107.18870346598204, 2.63
107.31707317073172, 2.63
107.44544287548139, 2.63
107.57381258023106, 2.63
107.70218228498074, 2.63
107.83055198973042, 2.64
107.68245838668373, 2.64
107.39795918367348, 2.65
107.52551020408163, 2.65
107.65306122448979, 2.65
107.78061224489797, 2.65
107.90816326530613, 2.65
108.03571428571428, 2.66
108.16326530612245, 2.66
108.01526717557253, 2.66
108.14249363867685, 2.66
108.26972010178118, 2.66
107.9847908745247, 2.66
108.11153358681875, 2.66
108.2382762991128, 2.66
108.09102402022756, 2.67
108.21744627054362, 2.68
107.9345088161209, 2.68
108.06045340050379, 2.68
108.18639798488665, 2.68
108.31234256926952, 2.68
107.75969962453067, 2.7
107.88485607008762, 2.71
107.74032459425717, 2.71
107.86516853932584, 2.71
107.9900124843945, 2.71
107.71144278606965, 2.71
107.83582089552239, 2.72
107.6923076923077, 2.72
107.81637717121588, 2.72
107.54017305315205, 2.73
107.66378244746602, 2.73
107.78739184177996, 2.73
107.91100123609394, 2.74
107.76818742293466, 2.74
107.89149198520344, 2.74
108.01479654747226, 2.75
107.87207872078721, 2.75
107.86240786240786, 2.75
107.98525798525797, 2.75
108.10810810810811, 2.75
106.91747572815532, 2.78
103.27868852459017, 2.88
102.19907407407408, 2.92
101.72612197928655, 2.94
101.84119677790564, 2.94
99.10514541387025, 3.02
98.66518353726363, 3.03
96.62676822633297, 3.1
96.52551574375678, 3.11
94.27966101694916, 3.18
92.61954261954261, 3.26
92.62720664589823, 3.26
91.30879345603272, 3.3
91.41104294478528, 3.3
91.51329243353783, 3.3
91.61554192229039, 3.3
91.71779141104295, 3.3
91.8200408997955, 3.3
90.35175879396985, 3.36
90.45226130653266, 3.36
90.10000000000001, 3.38
89.93020937188435, 3.39
89.8507462686567, 3.4
89.68253968253968, 3.4
89.33859822309971, 3.42
89.43731490621916, 3.43
88.92156862745098, 3.44
88.7585532746823, 3.46
87.99612778315586, 3.49
87.83783783783784, 3.5
87.93436293436294, 3.5
87.776708373436, 3.51
87.87295476419634, 3.51
87.80019212295869, 3.51
86.8945868945869, 3.55
86.98955365622032, 3.56
86.91943127962085, 3.57
86.76748582230623, 3.57
86.86200378071834, 3.58
86.95652173913044, 3.58
87.05103969754254, 3.58
86.32958801498127, 3.61
86.26168224299066, 3.61
86.35514018691589, 3.61
85.80705009276438, 3.64
85.89981447124305, 3.64
85.9925788497217, 3.64
85.92592592592592, 3.65
86.01851851851852, 3.65
85.95194085027727, 3.65
86.04436229205176, 3.65
86.13678373382625, 3.66
86.22920517560074, 3.66
86.32162661737523, 3.66
86.41404805914972, 3.66
86.50646950092421, 3.66
86.5988909426987, 3.66
86.53136531365314, 3.66
86.22589531680441, 3.68
86.31772268135904, 3.68
86.40955004591369, 3.68
86.26373626373626, 3.69
86.35531135531136, 3.69
86.44688644688645, 3.69
86.38025594149909, 3.7
86.23518687329079, 3.71
86.32634457611668, 3.71
86.26023657870792, 3.71
86.35122838944494, 3.72
86.20689655172413, 3.73
86.29764065335753, 3.73
86.38838475499092, 3.73
86.47912885662433, 3.73
86.41304347826086, 3.73
86.5036231884058, 3.73
86.35953026196928, 3.75
86.44986449864498, 3.75
86.54019873532069, 3.75
86.63053297199639, 3.75
86.72086720867209, 3.75
86.6546438232642, 3.75
86.74481514878268, 3.75
86.60071942446042, 3.76
86.6906474820144, 3.76
86.78057553956835, 3.76
86.87050359712231, 3.76
86.80430879712748, 3.76
86.66069829901521, 3.77
86.75022381378693, 3.78
86.83974932855864, 3.78
86.92927484333035, 3.78
86.8632707774799, 3.78
86.95263628239499, 3.78
87.0420017873101, 3.78
87.1313672922252, 3.78
87.2207327971403, 3.78
87.07664884135473, 3.79
87.16577540106952, 3.8
87.25490196078431, 3.8
86.19173262972735, 3.84
85.75174825174825, 3.87
85.83916083916084, 3.87
85.92657342657343, 3.87
85.78901482127289, 3.88
85.72671888598782, 3.88
85.81375108790252, 3.88
85.90078328981723, 3.88
85.98781549173195, 3.88
85.70190641247834, 3.9
85.78856152512998, 3.9
85.87521663778162, 3.9
85.96187175043327, 3.9
85.89965397923875, 3.91
85.98615916955016, 3.91
85.92400690846287, 3.92
85.78811369509044, 3.93
85.87424633936261, 3.93
85.9603789836348, 3.93
86.04651162790698, 3.93
85.98452278589855, 3.93
86.07050730868444, 3.93
85.93481989708405, 3.94
86.0205831903945, 3.94
86.10634648370498, 3.94
86.19210977701543, 3.94
86.13013698630137, 3.95
85.99487617421008, 3.96
86.0802732707088, 3.96
85.43607112616426, 3.99
84.30717863105176, 4.05
84.3906510851419, 4.05
83.91376451077943, 4.08
83.85761589403974, 4.09
83.59439406430337, 4.1
83.67683429513603, 4.1
83.55263157894737, 4.1
83.63486842105263, 4.1
83.57963875205255, 4.12
83.66174055829228, 4.12
82.79220779220779, 4.17
82.87337662337663, 4.17
82.95454545454545, 4.17
83.03571428571429, 4.17
83.11688311688312, 4.17
82.86176232821342, 4.18
82.80871670702179, 4.19
80.86614173228347, 4.3
80.94488188976378, 4.3
80.390625, 4.34
79.53667953667953, 4.38
79.61389961389962, 4.38
79.6911196911197, 4.38
79.58397534668721, 4.4
79.53846153846153, 4.4
79.61538461538461, 4.4
79.6923076923077, 4.4
79.76923076923077, 4.4
79.54022988505747, 4.42
79.61685823754789, 4.42
79.6934865900383, 4.42
79.77011494252874, 4.42
79.54198473282442, 4.43
79.61832061068702, 4.43
79.69465648854963, 4.43
79.77099236641222, 4.43
79.54372623574145, 4.45
79.61977186311788, 4.45
79.69581749049429, 4.45
79.46969696969697, 4.47
79.54545454545455, 4.47
79.62121212121212, 4.47
79.39622641509433, 4.48
79.47169811320755, 4.48
79.54716981132076, 4.48
79.02621722846442, 4.52
79.10112359550561, 4.52
79.1760299625468, 4.52
78.95522388059702, 4.53
79.02985074626866, 4.53
79.1044776119403, 4.53
78.88475836431226, 4.55
78.95910780669145, 4.55
79.03345724907062, 4.55
78.81481481481481, 4.57
78.88888888888889, 4.57
78.96296296296296, 4.57
79.03703703703704, 4.57
78.81918819188192, 4.58
78.8929889298893, 4.58
78.96678966789668, 4.58
78.75, 4.6
78.82352941176471, 4.6
78.8970588235294, 4.6
78.68131868131869, 4.62
78.75457875457876, 4.62
78.82783882783883, 4.62
78.32727272727273, 4.65
78.4, 4.65
78.47272727272727, 4.65
78.54545454545455, 4.65
78.33333333333333, 4.67
78.40579710144927, 4.67
78.47826086956522, 4.67
78.09798270893373, 4.7
77.77777777777779, 4.72
77.84946236559139, 4.72
77.92114695340501, 4.72
77.71428571428571, 4.73
77.78571428571428, 4.74
77.58007117437722, 4.75
77.65124555160142, 4.75
77.72241992882563, 4.75
77.5177304964539, 4.77
77.58865248226951, 4.77
77.6595744680851, 4.77
77.45583038869258, 4.78
77.52650176678445, 4.78
77.59717314487634, 4.78
77.6678445229682, 4.78
77.73851590106007, 4.78
77.80918727915194, 4.78
77.87985865724382, 4.78
77.95053003533569, 4.78
78.02120141342756, 4.78
78.09187279151944, 4.78
78.16254416961131, 4.78
78.23321554770318, 4.79
78.30388692579506, 4.79
78.37455830388691, 4.79
78.4452296819788, 4.79
78.51590106007068, 4.79
78.58657243816255, 4.79
78.65724381625442, 4.79
78.50599013389711, 4.8
78.57646229739254, 4.8
78.64693446088795, 4.8
78.71740662438337, 4.8
78.51123595505618, 4.82
78.5814606741573, 4.82
78.65168539325843, 4.82
78.72191011235955, 4.82
78.79213483146067, 4.82
78.42178770949721, 4.85
78.49162011173185, 4.85
78.45188284518828, 4.85
78.52161785216178, 4.86
78.59135285913528, 4.86
78.66108786610879, 4.86
78.73082287308229, 4.86
78.80055788005579, 4.86
78.70563674321504, 4.86
78.66574009728978, 4.87
78.73523280055595, 4.87
78.8047255038221, 4.87
78.87421820708825, 4.87
78.94371091035441, 4.87
79.01320361362058, 4.87
78.80886426592798, 4.89
78.8781163434903, 4.89
78.94736842105263, 4.89
79.01662049861496, 4.89
78.81297446514837, 4.9
78.88198757763976, 4.9
78.95100069013112, 4.9
79.0200138026225, 4.91
79.08902691511386, 4.91
78.88583218707015, 4.92
78.95460797799174, 4.92
79.02338376891335, 4.92
78.9293067947838, 4.93
78.88965044551063, 4.93
78.95819054146675, 4.94
79.02673063742289, 4.94
79.09527073337902, 4.94
79.16381082933516, 4.94
79.2323509252913, 4.94
79.30089102124744, 4.94
79.36943111720356, 4.94
79.4379712131597, 4.94
79.50651130911584, 4.94
79.30327868852459, 4.95
78.67298578199052, 5.0
requests, 1477
errors, 1162
