0.5128205128205128, 0.67
0.975609756097561, 0.69
1.4634146341463417, 0.69
1.951219512195122, 0.69
2.4390243902439024, 0.69
2.9268292682926833, 0.69
3.414634146341464, 0.69
3.902439024390244, 0.69
4.878048780487805, 0.69
4.390243902439024, 0.69
5.238095238095238, 0.71
5.714285714285714, 0.71
6.190476190476191, 0.71
6.666666666666667, 0.71
7.142857142857142, 0.71
7.6190476190476195, 0.71
7.906976744186046, 0.73
8.372093023255815, 0.73
8.837209302325581, 0.73
9.30232558139535, 0.73
9.767441860465116, 0.73
10.232558139534884, 0.73
10.454545454545453, 0.74
10.909090909090908, 0.74
11.363636363636363, 0.74
11.818181818181818, 0.74
12.272727272727273, 0.74
12.727272727272727, 0.74
13.18181818181818, 0.74
13.043478260869565, 0.79
13.304721030042918, 0.79
13.733905579399142, 0.79
14.163090128755366, 0.79
15.81196581196581, 0.79
14.957264957264957, 0.79
15.384615384615385, 0.79
14.592274678111588, 0.79
15.833333333333332, 0.81
16.25, 0.81
16.666666666666664, 0.81
17.083333333333332, 0.81
17.5, 0.81
17.551020408163264, 0.82
17.599999999999998, 0.85
18.0, 0.85
18.03921568627451, 0.87
18.43137254901961, 0.87
18.823529411764707, 0.87
19.215686274509807, 0.87
19.230769230769234, 0.89
19.615384615384617, 0.89
20.0, 0.89
20.384615384615383, 0.89
20.76923076923077, 0.89
21.153846153846153, 0.89
21.53846153846154, 0.89
21.923076923076923, 0.89
22.30769230769231, 0.89
22.264150943396228, 0.9
22.641509433962266, 0.9
23.0188679245283, 0.9
23.39622641509434, 0.9
23.77358490566038, 0.9
24.150943396226417, 0.9
23.636363636363637, 0.93
24.0, 0.93
24.363636363636363, 0.93
25.09090909090909, 0.93
25.454545454545453, 0.93
25.818181818181817, 0.93
24.727272727272727, 0.93
26.181818181818183, 0.93
26.545454545454543, 0.93
26.90909090909091, 0.93
27.27272727272727, 0.93
27.636363636363637, 0.93
28.000000000000004, 0.93
27.857142857142858, 0.95
28.214285714285715, 0.95
28.57142857142857, 0.95
28.92857142857143, 0.95
29.28571428571429, 0.95
29.642857142857142, 0.95
29.47368421052631, 0.97
29.82456140350877, 0.97
29.655172413793103, 0.99
30.0, 0.99
30.344827586206897, 0.99
29.666666666666668, 1.02
30.0, 1.02
30.333333333333336, 1.02
30.666666666666664, 1.02
31.0, 1.02
30.81967213114754, 1.04
31.147540983606557, 1.04
31.475409836065577, 1.04
31.80327868852459, 1.04
32.131147540983605, 1.04
31.93548387096774, 1.05
32.25806451612903, 1.05
32.58064516129032, 1.05
32.903225806451616, 1.05
33.225806451612904, 1.05
33.01587301587301, 1.07
33.33333333333333, 1.07
33.65079365079365, 1.07
33.96825396825397, 1.07
34.285714285714285, 1.07
34.0625, 1.09
34.375, 1.09
34.6875, 1.09
35.0, 1.09
35.3125, 1.09
35.07692307692308, 1.1
35.38461538461539, 1.1
35.69230769230769, 1.1
36.30769230769231, 1.1
36.0, 1.1
35.52238805970149, 1.13
35.82089552238806, 1.13
36.11940298507463, 1.13
36.417910447761194, 1.13
36.17647058823529, 1.14
36.470588235294116, 1.16
35.2112676056338, 1.2
33.6, 1.26
33.86666666666667, 1.26
34.13333333333333, 1.26
34.4, 1.26
32.91139240506329, 1.33
33.164556962025316, 1.33
31.807228915662648, 1.41
31.666666666666664, 1.41
27.628865979381445, 1.63
27.835051546391753, 1.64
27.755102040816325, 1.65
27.95918367346939, 1.65
27.878787878787882, 1.67
27.800000000000004, 1.69
28.000000000000004, 1.69
27.920792079207924, 1.69
28.118811881188122, 1.69
28.316831683168314, 1.69
28.51485148514851, 1.69
28.71287128712871, 1.69
28.910891089108908, 1.69
29.108910891089106, 1.69
29.306930693069305, 1.69
29.504950495049503, 1.69
29.7029702970297, 1.7
29.9009900990099, 1.71
30.099009900990097, 1.71
30.0, 1.71
30.19607843137255, 1.71
30.392156862745097, 1.71
30.58823529411765, 1.71
30.784313725490197, 1.71
30.980392156862745, 1.71
30.87378640776699, 1.73
31.06796116504854, 1.73
31.2621359223301, 1.73
31.456310679611647, 1.73
31.650485436893206, 1.73
31.844660194174757, 1.73
31.73076923076923, 1.74
31.92307692307692, 1.74
32.11538461538462, 1.74
32.30769230769231, 1.74
32.5, 1.74
32.69230769230769, 1.74
32.88461538461539, 1.74
33.07692307692307, 1.75
33.26923076923077, 1.75
32.52336448598131, 1.81
32.11009174311927, 1.82
32.0, 1.85
31.891891891891895, 1.86
32.072072072072075, 1.87
32.25225225225225, 1.87
32.432432432432435, 1.87
32.612612612612615, 1.87
31.65217391304348, 1.93
31.82608695652174, 1.93
32.0, 1.93
32.17391304347826, 1.93
32.34782608695652, 1.93
32.52173913043478, 1.93
32.69565217391304, 1.93
32.869565217391305, 1.93
33.04347826086956, 1.93
33.21739130434783, 1.93
33.39130434782609, 1.93
33.565217391304344, 1.93
33.73913043478261, 1.93
33.62068965517241, 1.95
33.793103448275865, 1.95
33.96551724137931, 1.95
34.13793103448276, 1.95
34.310344827586206, 1.95
34.48275862068966, 1.95
34.35897435897436, 1.96
34.52991452991453, 1.97
34.7008547008547, 1.97
34.57627118644068, 1.99
34.74576271186441, 1.99
34.91525423728813, 1.99
35.08474576271187, 1.99
35.25423728813559, 1.99
35.42372881355932, 1.99
35.0, 2.02
35.16666666666667, 2.02
35.333333333333336, 2.02
35.5, 2.02
35.66666666666667, 2.02
35.24590163934426, 2.05
35.40983606557377, 2.05
35.57377049180328, 2.05
35.73770491803279, 2.05
35.90163934426229, 2.05
36.0655737704918, 2.05
35.9349593495935, 2.06
36.09756097560975, 2.07
36.260162601626014, 2.07
36.12903225806451, 2.09
36.29032258064516, 2.09
36.45161290322581, 2.09
36.612903225806456, 2.09
36.774193548387096, 2.09
36.64, 2.1
36.8, 2.1
36.96, 2.1
37.12, 2.1
37.28, 2.1
37.44, 2.1
37.301587301587304, 2.12
37.46031746031746, 2.12
37.61904761904762, 2.12
37.65822784810127, 2.13
37.81645569620253, 2.13
37.9746835443038, 2.13
38.13291139240506, 2.13
38.291139240506325, 2.14
38.14756671899529, 2.14
38.006230529595015, 2.16
37.576687116564415, 2.2
37.73006134969325, 2.2
37.88343558282208, 2.2
37.74733637747336, 2.21
37.61329305135951, 2.23
37.48125937031484, 2.26
37.631184407796106, 2.26
37.5, 2.26
37.648809523809526, 2.26
36.70520231213873, 2.33
36.84971098265896, 2.33
35.70432357043236, 2.41
35.35075653370014, 2.45
34.308510638297875, 2.54
33.33333333333333, 2.62
33.248081841432224, 2.63
33.37595907928389, 2.64
33.29097839898348, 2.65
33.41804320203304, 2.65
33.54510800508259, 2.66
33.45959595959596, 2.67
33.58585858585859, 2.67
33.500627352572145, 2.68
33.626097867001256, 2.69
33.75156838143036, 2.69
33.66583541147132, 2.69
33.790523690773064, 2.69
33.915211970074814, 2.69
34.03990024937656, 2.69
34.1645885286783, 2.69
34.28927680798005, 2.69
34.413965087281795, 2.69
34.538653366583546, 2.69
34.66334164588529, 2.69
34.78802992518703, 2.7
34.91271820448878, 2.71
35.03740648379052, 2.71
35.16209476309227, 2.71
35.28678304239401, 2.71
35.41147132169576, 2.71
35.53615960099751, 2.71
35.43990086741016, 2.71
35.3448275862069, 2.73
35.467980295566505, 2.73
35.59113300492611, 2.73
35.714285714285715, 2.73
35.83743842364532, 2.73
35.960591133004925, 2.73
35.86291309669522, 2.74
35.98531211750306, 2.74
36.1077111383109, 2.74
36.23011015911873, 2.74
36.352509179926564, 2.74
36.4749082007344, 2.74
36.59730722154223, 2.74
36.71970624235006, 2.75
36.84210526315789, 2.75
36.73965936739659, 2.77
36.86131386861314, 2.77
36.75937122128174, 2.78
36.880290205562275, 2.79
37.001209189842804, 2.79
36.72248803827751, 2.82
36.44970414201183, 2.85
36.56804733727811, 2.86
36.556603773584904, 2.86
36.674528301886795, 2.87
36.79245283018868, 2.87
36.910377358490564, 2.87
37.028301886792455, 2.87
36.332179930795846, 2.93
36.44752018454441, 2.93
36.562860438292965, 2.93
36.67820069204152, 2.93
36.793540945790085, 2.93
36.90888119953864, 2.93
37.0242214532872, 2.93
37.13956170703575, 2.93
37.254901960784316, 2.93
37.37024221453287, 2.93
37.48558246828143, 2.93
37.60092272202999, 2.93
37.71626297577855, 2.93
37.61467889908257, 2.95
37.72935779816514, 2.95
37.62827822120867, 2.96
37.74230330672748, 2.97
37.8563283922463, 2.97
37.755102040816325, 2.99
37.868480725623584, 2.99
37.98185941043084, 2.99
37.66816143497758, 3.02
37.36141906873614, 3.05
37.472283813747225, 3.05
37.58314855875832, 3.05
37.6940133037694, 3.05
37.59647188533627, 3.06
37.70672546857773, 3.07
37.609649122807014, 3.09
37.719298245614034, 3.09
37.82894736842105, 3.09
37.73173391494002, 3.1
37.840785169029445, 3.1
37.94983642311887, 3.1
38.05888767720829, 3.1
38.16793893129771, 3.1
38.276990185387135, 3.1
38.38604143947656, 3.11
38.286334056399134, 3.13
38.50325379609544, 3.13
38.39479392624729, 3.13
38.403451995685, 3.13
38.51132686084142, 3.14
38.412017167381975, 3.14
38.51931330472103, 3.16
38.4204909284952, 3.16
38.12038014783527, 3.19
38.2259767687434, 3.19
38.33157338965153, 3.2
38.43717001055966, 3.2
38.54276663146779, 3.2
38.48580441640379, 3.21
38.38912133891213, 3.23
38.29344432882414, 3.25
38.19875776397515, 3.26
38.302277432712216, 3.26
38.405797101449274, 3.27
38.31101956745623, 3.29
38.2172131147541, 3.3
38.28045035823951, 3.31
38.03245436105477, 3.33
38.13387423935091, 3.33
38.23529411764706, 3.34
37.76223776223776, 3.38
37.67395626242545, 3.4
37.58654797230465, 3.41
37.68545994065282, 3.42
37.78437190900099, 3.42
37.696850393700785, 3.43
37.6101860920666, 3.45
37.52436647173489, 3.47
37.62183235867446, 3.47
37.17579250720461, 3.52
37.09369024856596, 3.54
36.49155722326454, 3.59
36.58536585365854, 3.59
36.507936507936506, 3.62
36.43122676579926, 3.64
36.35522664199815, 3.65
36.279926335174956, 3.67
36.20531622364803, 3.68
36.29697525206233, 3.69
36.38863428047663, 3.69
36.31386861313868, 3.69
36.4051094890511, 3.69
36.58759124087591, 3.69
36.496350364963504, 3.69
36.86131386861314, 3.69
36.95255474452554, 3.69
36.77007299270073, 3.69
37.04379562043796, 3.69
36.67883211678832, 3.69
37.13503649635037, 3.71
37.05722070844686, 3.71
36.98010849909584, 3.74
37.070524412296564, 3.74
37.160940325497286, 3.74
37.251356238698015, 3.74
37.34177215189873, 3.74
36.931311329170384, 3.78
37.02051739518287, 3.79
37.10972346119536, 3.79
36.87002652519894, 3.83
36.474694589877835, 3.86
36.56195462478185, 3.87
36.64921465968586, 3.87
36.73647469458988, 3.87
36.82373472949389, 3.87
36.910994764397905, 3.88
36.52024117140396, 3.91
36.44939965694683, 3.93
36.53516295025729, 3.93
36.62092624356775, 3.93
36.706689536878216, 3.93
36.79245283018868, 3.93
36.87821612349914, 3.93
36.96397941680961, 3.93
37.04974271012007, 3.93
37.13550600343053, 3.93
37.22126929674099, 3.93
37.307032590051456, 3.93
37.39279588336192, 3.93
37.478559176672384, 3.93
37.56432246998285, 3.93
37.65008576329331, 3.93
37.57472245943638, 3.95
37.660119555935104, 3.95
37.58503401360544, 3.96
37.67006802721088, 3.97
37.755102040816325, 3.97
37.84013605442177, 3.98
37.92517006802721, 3.98
38.01020408163265, 3.98
37.933954276037255, 3.99
38.01862828111769, 3.99
37.78337531486146, 4.02
37.70903010033445, 4.05
37.79264214046823, 4.05
37.71856786011657, 4.05
37.80183180682764, 4.05
37.885095753538714, 4.05
37.96835970024979, 4.06
37.893864013267, 4.07
37.819983484723366, 4.09
37.90255986787779, 4.09
37.9851362510322, 4.09
37.911184210526315, 4.1
37.993421052631575, 4.1
38.07565789473684, 4.1
38.15789473684211, 4.1
38.24013157894737, 4.1
38.16543816543817, 4.13
38.09135399673736, 4.13
38.17292006525285, 4.14
38.25448613376835, 4.14
38.02588996763754, 4.16
38.10679611650485, 4.17
38.03384367445609, 4.19
38.114423851732475, 4.19
38.195004029008864, 4.19
38.27558420628525, 4.2
38.20224719101123, 4.2
38.28250401284109, 4.2
38.362760834670944, 4.2
38.28936850519584, 4.21
38.21656050955414, 4.23
38.296178343949045, 4.24
38.375796178343954, 4.24
38.302934179222845, 4.25
38.2306477093207, 4.26
38.309636650868875, 4.26
38.388625592417064, 4.27
38.31628638867034, 4.29
38.24451410658307, 4.3
38.17330210772833, 4.33
38.10264385692068, 4.34
38.03253292021689, 4.35
38.10999225406662, 4.35
38.04012345679013, 4.37
38.117283950617285, 4.38
38.047655649500385, 4.38
37.97856049004594, 4.4
38.055130168453296, 4.41
37.986270022883296, 4.42
38.062547673531654, 4.42
38.13882532418001, 4.43
38.06990881458967, 4.43
38.00151400454202, 4.45
37.93363499245852, 4.47
38.009049773755656, 4.47
38.08446455505279, 4.48
37.733035048471294, 4.52
37.667161961367015, 4.53
37.74145616641902, 4.54
37.67579570688379, 4.56
37.610619469026545, 4.57
37.684365781710916, 4.58
37.61939750183688, 4.59
37.41794310722101, 4.62
37.490882567469, 4.63
37.563822027716995, 4.63
37.5, 4.64
37.57267441860465, 4.65
37.50905141202028, 4.65
37.58146270818248, 4.65
37.65387400434468, 4.66
37.59018759018759, 4.67
37.52695902228613, 4.68
37.598849748382456, 4.69
37.67074047447879, 4.69
37.742631200575126, 4.69
37.73314203730273, 4.71
37.535612535612536, 4.74
37.47338537970192, 4.75
37.5443577004968, 4.75
37.35024665257223, 4.78
37.029288702928866, 4.84
36.970118137595556, 4.86
36.911357340720215, 4.86
36.98060941828255, 4.87
37.04986149584488, 4.87
37.119113573407205, 4.87
37.18836565096953, 4.87
37.12905452035887, 4.9
37.07015130674003, 4.91
37.01165181631254, 4.93
36.95355191256831, 4.93
37.02185792349727, 4.93
37.09016393442623, 4.93
37.15846994535519, 4.93
37.22677595628415, 4.93
37.295081967213115, 4.93
37.36338797814208, 4.93
37.43169398907104, 4.93
37.5, 4.93
37.56830601092896, 4.93
37.63661202185792, 4.93
37.704918032786885, 4.93
37.77322404371585, 4.93
37.84153005464481, 4.93
37.90983606557377, 4.93
37.848876786929885, 4.95
37.91695030633084, 4.95
37.8561736770692, 4.96
37.92401628222524, 4.97
37.99185888738128, 4.97
38.059701492537314, 4.98
37.99864773495605, 4.99
38.066260987153484, 4.99
38.13387423935091, 5.0
38.20148749154834, 5.0
requests, 1484
errors, 565
