0.8695652173913043, 0.02
1.0810810810810811, 0.03
1.5228426395939088, 0.03
1.762114537444934, 0.03
0.27533039647577096, 0.11
0.13109023377758358, 0.24
0.12644508670520233, 0.28
0.1445086705202312, 0.28
0.16204537270435723, 0.28
0.17519271198318148, 0.29
0.11093182734973779, 0.5
0.11937922801432552, 0.5
0.1283570300157978, 0.51
0.1380534464056799, 0.51
0.1463129145532579, 0.51
0.15027707335399643, 0.53
0.126187648456057, 0.66
0.1273074474856779, 0.69
0.13331462250912154, 0.69
0.13970382788488406, 0.7
0.14630068273651944, 0.7
0.1473641905017081, 0.73
0.15403160996517545, 0.73
0.16058882569421212, 0.73
0.16617920765753788, 0.73
0.17020162346163917, 0.75
0.1763092595011101, 0.75
0.18282729350310153, 0.75
0.1665039903542516, 0.85
0.1694053870913095, 0.87
0.16728724839458203, 0.91
0.1723209477652127, 0.91
0.17754344434282027, 0.91
0.15220700152207, 1.11
0.1554312105870859, 1.11
0.14995001666111296, 1.19
0.14785214785214784, 1.24
0.15161792283445716, 1.24
0.12543822971277863, 1.54
0.11899449650453667, 1.66
0.09498216188667007, 2.15
0.0931615021183151, 2.25
0.09404868659915575, 2.28
0.09589817357569418, 2.29
0.08976660682226212, 2.49
0.08271149869639487, 2.76
0.08425657021978417, 2.77
0.08568521394526857, 2.78
0.08466522678185745, 2.87
0.07692544385981107, 3.23
0.07748875653336575, 3.28
0.07202216066481994, 3.58
0.07265349764904248, 3.62
0.07387343018960847, 3.63
0.06831873796658593, 4.03
0.06860643185298622, 4.1
0.06960896856605525, 4.11
0.07079559602568171, 4.12
0.07200917811897381, 4.12
0.07209112317969914, 4.18
0.07005133269789501, 4.37
0.0699213948190502, 4.45
0.06322190890023983, 4.97
requests, 100262
errors, 63
