Infinity, 0.0
Infinity, 0.0
Infinity, 0.0
Infinity, 0.0
Infinity, 0.0
Infinity, 0.0
Infinity, 0.0
Infinity, 0.0
Infinity, 0.0
Infinity, 0.0
Infinity, 0.0
Infinity, 0.0
Infinity, 0.0
Infinity, 0.0
Infinity, 0.0
Infinity, 0.0
Infinity, 0.0
Infinity, 0.0
Infinity, 0.0
Infinity, 0.0
Infinity, 0.0
Infinity, 0.0
Infinity, 0.0
Infinity, 0.0
Infinity, 0.0
Infinity, 0.0
Infinity, 0.0
Infinity, 0.0
Infinity, 0.0
Infinity, 0.0
Infinity, 0.0
Infinity, 0.0
Infinity, 0.0
Infinity, 0.0
Infinity, 0.0
Infinity, 0.0
Infinity, 0.0
Infinity, 0.0
Infinity, 0.0
Infinity, 0.0
Infinity, 0.0
Infinity, 0.0
Infinity, 0.0
Infinity, 0.0
Infinity, 0.0
Infinity, 0.0
Infinity, 0.0
Infinity, 0.0
Infinity, 0.0
Infinity, 0.0
Infinity, 0.0
Infinity, 0.0
Infinity, 0.0
Infinity, 0.0
Infinity, 0.0
Infinity, 0.0
Infinity, 0.0
Infinity, 0.0
Infinity, 0.0
Infinity, 0.0
Infinity, 0.0
Infinity, 0.0
Infinity, 0.0
Infinity, 0.0
Infinity, 0.0
Infinity, 0.0
Infinity, 0.0
Infinity, 0.0
Infinity, 0.0
Infinity, 0.0
Infinity, 0.0
Infinity, 0.0
Infinity, 0.0
Infinity, 0.0
Infinity, 0.0
Infinity, 0.0
Infinity, 0.0
Infinity, 0.0
Infinity, 0.0
Infinity, 0.0
Infinity, 0.0
Infinity, 0.0
Infinity, 0.0
Infinity, 0.0
Infinity, 0.0
Infinity, 0.0
Infinity, 0.0
Infinity, 0.0
Infinity, 0.0
40.0, 0.77
40.44444444444444, 0.77
40.88888888888889, 0.77
39.40677966101695, 0.81
39.83050847457627, 0.81
40.25423728813559, 0.81
40.67796610169492, 0.81
41.10169491525424, 0.81
41.52542372881356, 0.81
41.078838174273855, 0.82
41.49377593360996, 0.82
40.400000000000006, 0.85
40.8, 0.85
41.199999999999996, 0.85
40.78431372549019, 0.87
40.38461538461539, 0.89
40.76923076923077, 0.89
41.15384615384615, 0.89
41.37931034482759, 0.89
41.132075471698116, 0.89
40.0, 0.93
40.36363636363636, 0.93
40.72727272727273, 0.93
39.64912280701755, 0.97
39.310344827586206, 0.99
38.983050847457626, 1.0
39.32203389830509, 1.0
39.66101694915255, 1.0
40.0, 1.0
40.33898305084746, 1.0
40.67796610169492, 1.0
41.01694915254237, 1.0
41.35593220338983, 1.0
41.69491525423729, 1.0
42.03389830508474, 1.0
42.3728813559322, 1.0
42.71186440677966, 1.0
43.050847457627114, 1.0
43.728813559322035, 1.0
43.389830508474574, 1.0
44.06779661016949, 1.0
44.40677966101695, 1.0
44.74576271186441, 1.0
45.08474576271186, 1.0
45.42372881355932, 1.0
45.76271186440678, 1.0
46.101694915254235, 1.0
46.440677966101696, 1.0
46.779661016949156, 1.0
47.11864406779661, 1.0
47.45762711864407, 1.0
47.79661016949153, 1.0
48.13559322033898, 1.0
48.47457627118644, 1.0
48.8135593220339, 1.0
49.152542372881356, 1.0
49.49152542372882, 1.0
49.83050847457628, 1.0
50.50847457627119, 1.0
50.847457627118644, 1.0
50.16949152542372, 1.0
51.186440677966104, 1.0
52.54237288135594, 1.0
51.864406779661024, 1.0
54.23728813559322, 1.0
54.57627118644067, 1.0
51.52542372881356, 1.0
53.559322033898304, 1.0
52.88135593220339, 1.0
55.254237288135585, 1.0
53.898305084745765, 1.0
56.271186440677965, 1.0
55.59322033898305, 1.0
57.6271186440678, 1.0
55.932203389830505, 1.0
59.66101694915255, 1.0
60.0, 1.0
60.67796610169491, 1.0
57.96610169491525, 1.0
61.694915254237294, 1.0
54.91525423728814, 1.0
58.30508474576271, 1.0
62.71186440677966, 1.0
63.05084745762712, 1.0
58.98305084745763, 1.0
59.32203389830508, 1.0
64.7457627118644, 1.0
65.42372881355932, 1.0
57.28813559322033, 1.0
52.20338983050847, 1.0
67.11864406779661, 1.01
61.35593220338983, 1.0
67.79661016949152, 1.01
68.47457627118644, 1.01
68.8135593220339, 1.01
70.50847457627118, 1.01
56.61016949152542, 1.0
56.949152542372886, 1.0
64.0677966101695, 1.0
64.40677966101694, 1.0
60.33898305084746, 1.0
65.08474576271186, 1.0
61.016949152542374, 1.0
65.76271186440678, 1.0
66.10169491525424, 1.0
66.44067796610169, 1.01
53.22033898305085, 1.0
66.77966101694915, 1.01
62.03389830508475, 1.0
67.45762711864407, 1.01
62.37288135593221, 1.0
68.13559322033899, 1.01
69.15254237288136, 1.01
58.644067796610166, 1.0
69.49152542372882, 1.01
63.389830508474574, 1.0
69.83050847457626, 1.01
70.16949152542374, 1.01
63.72881355932203, 1.0
70.84745762711864, 1.01
71.1864406779661, 1.01
71.52542372881356, 1.01
71.86440677966101, 1.01
72.20338983050848, 1.01
72.54237288135593, 1.01
72.88135593220339, 1.01
73.22033898305085, 1.01
73.89830508474576, 1.01
74.23728813559322, 1.01
74.57627118644068, 1.01
74.91525423728814, 1.01
73.5593220338983, 1.01
75.2542372881356, 1.01
75.59322033898304, 1.01
75.9322033898305, 1.01
76.27118644067797, 1.01
76.61016949152543, 1.01
76.94915254237287, 1.01
76.0, 1.02
76.33333333333333, 1.02
76.66666666666667, 1.02
77.0, 1.02
70.09063444108762, 1.13
69.34523809523809, 1.15
69.64285714285714, 1.16
68.91495601173021, 1.18
68.40579710144927, 1.18
68.69565217391305, 1.18
68.98550724637681, 1.18
69.27536231884058, 1.18
69.56521739130434, 1.18
69.85507246376812, 1.18
70.14492753623188, 1.19
70.43478260869566, 1.19
70.52023121387283, 1.19
70.8092485549133, 1.19
70.28571428571428, 1.2
70.57142857142857, 1.21
70.65527065527066, 1.21
70.94017094017094, 1.21
68.4931506849315, 1.25
67.83783783783784, 1.27
68.10810810810811, 1.27
66.57894736842105, 1.3
66.84210526315789, 1.3
66.23376623376623, 1.31
66.49350649350649, 1.32
66.75324675324676, 1.32
67.01298701298701, 1.32
67.27272727272727, 1.32
67.53246753246754, 1.32
67.79220779220779, 1.32
67.87564766839378, 1.33
68.13471502590673, 1.33
68.39378238341969, 1.33
68.65284974093264, 1.33
68.9119170984456, 1.33
68.46153846153847, 1.33
68.71794871794872, 1.33
68.97435897435898, 1.33
69.23076923076923, 1.33
69.48717948717949, 1.33
69.74358974358974, 1.33
70.0, 1.33
70.25641025641025, 1.33
70.51282051282051, 1.34
70.76923076923077, 1.34
71.02564102564102, 1.34
71.0997442455243, 1.34
71.35549872122762, 1.34
71.61125319693095, 1.34
71.86700767263427, 1.35
71.39240506329114, 1.35
71.64556962025317, 1.35
71.89873417721519, 1.36
71.07231920199501, 1.38
70.61728395061728, 1.39
70.6896551724138, 1.4
70.93596059113301, 1.4
71.18226600985221, 1.4
71.42857142857143, 1.4
71.67487684729063, 1.4
68.70588235294117, 1.46
65.84269662921348, 1.52
66.06741573033707, 1.52
65.55555555555556, 1.54
65.6319290465632, 1.55
65.27472527472527, 1.56
65.49450549450549, 1.56
65.0, 1.57
65.21739130434783, 1.57
65.29284164859001, 1.58
64.8068669527897, 1.6
62.34567901234568, 1.66
61.91446028513238, 1.68
60.396039603960396, 1.72
60.59405940594059, 1.72
60.79207920792079, 1.72
60.99009900990099, 1.72
61.18811881188119, 1.72
60.78431372549019, 1.74
60.27131782945736, 1.76
60.46511627906976, 1.76
60.65891472868217, 1.76
60.85271317829457, 1.76
61.04651162790697, 1.76
61.240310077519375, 1.76
60.96153846153847, 1.77
61.15384615384616, 1.77
60.76190476190476, 1.79
60.952380952380956, 1.79
61.142857142857146, 1.79
61.33333333333333, 1.79
60.94339622641509, 1.8
61.13207547169811, 1.8
61.32075471698113, 1.8
61.50943396226415, 1.81
61.698113207547166, 1.81
61.308411214953274, 1.82
61.49532710280374, 1.82
60.998151571164506, 1.85
60.73394495412844, 1.85
60.91743119266055, 1.85
60.98901098901099, 1.87
60.72727272727273, 1.87
60.36036036036037, 1.88
60.54054054054055, 1.89
60.72072072072072, 1.89
60.9009009009009, 1.89
61.08108108108108, 1.89
61.261261261261254, 1.89
60.89285714285714, 1.91
60.53097345132743, 1.92
60.707964601769916, 1.92
60.88495575221239, 1.92
60.95406360424028, 1.93
61.130742049469966, 1.93
61.30742049469965, 1.93
61.05263157894737, 1.94
61.228070175438596, 1.94
60.763888888888886, 1.96
60.9375, 1.96
61.111111111111114, 1.97
60.34188034188034, 1.99
60.0, 2.0
60.16949152542372, 2.0
60.33898305084746, 2.0
60.50847457627119, 2.0
60.67796610169491, 2.0
60.84745762711864, 2.0
61.016949152542374, 2.0
61.186440677966104, 2.0
61.35593220338983, 2.0
61.52542372881356, 2.0
61.694915254237294, 2.0
61.86440677966102, 2.0
62.03389830508475, 2.01
62.098138747884946, 2.01
61.74496644295302, 2.03
60.99173553719008, 2.05
60.55646481178396, 2.09
60.22727272727273, 2.09
60.0, 2.11
60.06441223832528, 2.11
59.84, 2.12
59.904153354632584, 2.13
60.063897763578275, 2.13
59.746434231378764, 2.15
59.527559055118104, 2.16
59.21875, 2.17
59.375, 2.18
59.4383775351014, 2.18
59.59438377535101, 2.18
59.75039001560063, 2.19
59.90639625585024, 2.19
59.68992248062015, 2.19
59.38461538461538, 2.21
59.53846153846154, 2.21
59.60061443932412, 2.21
59.29878048780488, 2.23
59.001512859304086, 2.25
58.70870870870871, 2.26
58.85885885885885, 2.27
58.656716417910445, 2.27
58.28402366863905, 2.3
58.4319526627219, 2.3
58.14977973568281, 2.32
58.29662261380323, 2.32
58.44346549192364, 2.32
58.24817518248175, 2.33
58.309037900874635, 2.33
58.454810495626816, 2.33
58.60058309037901, 2.33
58.74635568513119, 2.33
58.89212827988338, 2.33
59.037900874635575, 2.33
59.183673469387756, 2.33
59.329446064139944, 2.33
59.475218658892125, 2.34
59.62099125364432, 2.34
59.42028985507246, 2.34
59.56521739130435, 2.34
59.710144927536234, 2.34
59.7684515195369, 2.35
59.913169319826345, 2.35
59.71223021582733, 2.36
59.856115107913666, 2.36
59.91379310344828, 2.37
59.71428571428572, 2.37
59.77175463623395, 2.38
59.91440798858774, 2.39
59.716312056737586, 2.39
59.436619718309856, 2.41
59.57746478873239, 2.41
59.3006993006993, 2.43
59.44055944055944, 2.43
59.49720670391061, 2.43
58.81542699724518, 2.46
57.83783783783784, 2.51
57.89473684210527, 2.51
58.02968960863698, 2.51
58.1646423751687, 2.52
58.2995951417004, 2.52
58.12080536912752, 2.54
57.943925233644855, 2.55
57.99999999999999, 2.55
57.824933687002655, 2.56
57.95755968169761, 2.56
57.32984293193717, 2.59
57.460732984293195, 2.59
57.59162303664922, 2.59
56.25, 2.66
56.30573248407643, 2.67
56.43312101910828, 2.67
56.20253164556962, 2.68
55.348258706467654, 2.72
55.40372670807453, 2.74
54.91400491400491, 2.76
55.03685503685504, 2.76
55.15970515970516, 2.76
55.21472392638037, 2.77
55.33742331288344, 2.77
55.1219512195122, 2.79
55.243902439024396, 2.79
55.365853658536594, 2.79
55.487804878048784, 2.79
55.27272727272727, 2.8
55.3939393939394, 2.8
55.24728588661038, 2.81
55.36791314837153, 2.81
55.42168674698795, 2.82
55.275779376498804, 2.83
55.32934131736526, 2.83
55.11904761904762, 2.85
54.65253239104829, 2.88
54.77031802120141, 2.88
54.888103651354534, 2.89
55.005889281507656, 2.89
55.12367491166078, 2.89
54.91803278688525, 2.9
54.97076023391813, 2.91
54.89510489510489, 2.91
54.94761350407451, 2.92
55.06402793946449, 2.92
54.92468134414832, 2.92
55.040556199304746, 2.92
55.092592592592595, 2.93
54.63917525773196, 2.96
54.69107551487414, 2.97
54.185520361990946, 2.99
54.29864253393665, 3.0
54.35028248587571, 3.0
54.463276836158194, 3.0
54.57627118644067, 3.0
54.68926553672316, 3.0
54.80225988700565, 3.0
54.91525423728814, 3.0
55.028248587570616, 3.0
55.14124293785311, 3.0
55.254237288135585, 3.01
54.80984340044742, 3.03
54.61624026696329, 3.05
54.727474972191324, 3.05
54.59579180509413, 3.06
54.34543454345434, 3.08
54.45544554455446, 3.09
54.56545654565457, 3.09
54.675467546754675, 3.09
54.78547854785478, 3.09
54.89548954895489, 3.09
54.70459518599562, 3.11
54.57516339869281, 3.11
54.62459194776932, 3.12
54.49620801733478, 3.13
54.54545454545454, 3.13
54.418103448275865, 3.14
54.525862068965516, 3.15
54.57481162540366, 3.15
54.68245425188375, 3.16
54.49678800856531, 3.17
54.37100213219617, 3.18
54.419595314164006, 3.18
54.526091586794465, 3.18
54.57446808510639, 3.19
54.219409282700425, 3.21
54.32489451476793, 3.21
54.43037974683544, 3.21
54.478398314014754, 3.22
54.35466946484785, 3.23
54.17536534446764, 3.24
54.223149113660064, 3.25
54.101765316718584, 3.26
54.20560747663551, 3.26
54.253112033195016, 3.27
53.798767967145785, 3.3
53.62614913176711, 3.32
53.50966429298067, 3.33
53.61139369277721, 3.33
53.65853658536586, 3.33
53.760162601626014, 3.34
53.80710659898477, 3.34
53.74493927125506, 3.35
53.84615384615385, 3.35
53.892821031344795, 3.35
53.99393326592518, 3.36
53.87713997985901, 3.37
53.923541247484906, 3.37
53.807615230460925, 3.38
53.90781563126252, 3.38
53.68525896414342, 3.41
53.78486055776892, 3.41
53.67063492063492, 3.41
53.663366336633665, 3.43
53.60315893385982, 3.43
53.701875616979265, 3.43
53.53634577603144, 3.45
53.5819430814524, 3.46
53.68007850834151, 3.46
53.567937438905176, 3.46
53.094777562862674, 3.5
53.0888030888031, 3.51
53.082851637764925, 3.51
53.179190751445084, 3.51
53.275529865125236, 3.51
53.32050048123196, 3.52
53.4167468719923, 3.52
53.05343511450382, 3.55
53.098188751191614, 3.56
53.193517635843655, 3.56
53.086419753086425, 3.56
53.13092979127134, 3.57
53.02457466918714, 3.58
53.06893295561851, 3.59
53.16336166194523, 3.59
53.20754716981132, 3.59
53.1015037593985, 3.61
52.7001862197393, 3.64
52.548656163113996, 3.65
52.446906740535546, 3.66
52.53924284395198, 3.67
52.63157894736842, 3.67
52.67527675276753, 3.67
52.52525252525253, 3.69
52.61707988980716, 3.69
52.27686703096539, 3.71
51.89530685920578, 3.75
51.891891891891895, 3.76
51.98198198198198, 3.76
52.072072072072075, 3.76
51.742627345844504, 3.79
51.83199285075961, 3.79
51.921358355674705, 3.79
52.01072386058981, 3.79
51.91451469278717, 3.8
51.95729537366548, 3.8
51.815766164747565, 3.83
51.72109443954104, 3.83
51.763668430335095, 3.84
51.66959578207382, 3.85
51.71202809482002, 3.85
51.79982440737489, 3.86
51.887620719929764, 3.86
51.975417032484636, 3.86
51.83566433566433, 3.88
51.697127937336816, 3.89
51.60450997398092, 3.9
51.64644714038128, 3.9
51.733102253032925, 3.91
51.59620362381363, 3.92
51.68248490077653, 3.92
51.76876617773944, 3.92
51.85504745470233, 3.92
51.76268271711092, 3.93
51.494449188727586, 3.96
51.4919011082694, 3.97
51.14116652578191, 4.0
51.182432432432435, 4.0
51.266891891891895, 4.0
51.35135135135135, 4.0
51.435810810810814, 4.0
51.520270270270274, 4.0
51.604729729729726, 4.0
51.689189189189186, 4.0
51.38306789606035, 4.03
51.209341117597994, 4.05
51.29274395329442, 4.06
51.162790697674424, 4.07
51.03391232423491, 4.09
51.1166253101737, 4.09
51.19933829611249, 4.09
51.28205128205128, 4.09
51.195383347073374, 4.1
51.23558484349259, 4.11
51.31795716639209, 4.11
51.189499589827726, 4.13
51.103843008994275, 4.13
51.143790849673195, 4.14
51.0586319218241, 4.15
51.14006514657981, 4.15
51.17982099267697, 4.16
51.053484602917344, 4.17
51.13452188006483, 4.18
51.050080775444265, 4.18
51.13085621970921, 4.18
51.21163166397415, 4.18
51.29240710823909, 4.19
51.12540192926045, 4.21
51.20578778135049, 4.21
51.080864691753405, 4.23
51.07913669064749, 4.23
51.03668261562998, 4.24
50.953895071542135, 4.25
50.992851469420174, 4.26
50.91053048297704, 4.26
50.74862096138691, 4.29
50.430023455824866, 4.32
50.350740452065466, 4.33
50.389408099688474, 4.34
50.27152831652444, 4.35
50.193348801237434, 4.37
50.077041602465336, 4.38
49.923312883435585, 4.4
49.84709480122324, 4.42
49.88540870893812, 4.43
49.809596344249805, 4.43
49.84779299847793, 4.45
49.77238239757208, 4.45
49.65986394557823, 4.46
49.54819277108434, 4.48
49.437359339834956, 4.5
49.47526236881559, 4.51
49.55022488755622, 4.51
49.62518740629685, 4.51
49.70014992503748, 4.51
49.589245705750564, 4.52
49.663928304705, 4.52
49.73861090365945, 4.53
49.813293502613895, 4.53
49.702380952380956, 4.54
49.776785714285715, 4.55
49.666419570051886, 4.56
49.7405485544848, 4.56
49.81467753891772, 4.56
49.88880652335063, 4.56
49.77843426883309, 4.57
49.852289512555394, 4.58
49.779086892488955, 4.58
49.63343108504399, 4.61
49.70674486803519, 4.61
49.59824689554419, 4.63
49.52658412235979, 4.64
49.56331877729257, 4.64
49.63609898107715, 4.64
49.708879184861715, 4.64
49.78165938864629, 4.64
49.85443959243086, 4.65
49.782293178519595, 4.65
49.818709209572155, 4.65
49.891225525743295, 4.66
49.963741841914434, 4.66
49.891540130151846, 4.67
49.96384671005061, 4.67
50.03615328994938, 4.67
49.892008639308855, 4.69
49.96400287976962, 4.69
49.89231873653984, 4.7
49.92826398852224, 4.71
50.0, 4.71
49.92846924177397, 4.72
49.96426018584703, 4.73
50.03573981415297, 4.73
49.96436208125446, 4.73
50.0, 4.74
50.0, 4.75
50.0, 4.75
50.03548616039745, 4.76
50.10645848119234, 4.76
50.03538570417552, 4.77
50.07072135785007, 4.78
50.141442715700144, 4.78
50.03523608174771, 4.79
50.10570824524313, 4.79
50.176180408738546, 4.79
50.24665257223396, 4.79
50.317124735729394, 4.8
50.24595924104006, 4.8
50.14005602240896, 4.82
50.174947515745274, 4.83
50.10467550593162, 4.83
50.17445917655269, 4.83
50.24424284717376, 4.84
50.278940027894, 4.84
50.348675034867505, 4.84
50.418410041841, 4.85
50.31271716469771, 4.86
49.759780370624576, 4.92
49.794238683127574, 4.92
49.862825788751714, 4.92
49.93141289437586, 4.93
49.65940054495913, 4.96
49.59239130434783, 4.97
49.66032608695652, 4.97
49.69450101832994, 4.98
49.59404600811908, 4.99
49.6617050067659, 4.99
49.72936400541272, 5.0
requests, 1482
errors, 735
