0.5405405405405406, 0.63
1.0526315789473684, 0.64
1.5789473684210527, 0.64
2.1052631578947367, 0.64
2.631578947368421, 0.64
3.1578947368421053, 0.64
3.684210526315789, 0.64
4.102564102564102, 0.66
4.615384615384616, 0.66
4.878048780487805, 0.69
5.365853658536586, 0.69
5.853658536585367, 0.69
6.341463414634147, 0.69
6.829268292682928, 0.69
7.317073170731707, 0.69
7.804878048780488, 0.69
8.292682926829269, 0.69
8.780487804878048, 0.69
9.268292682926829, 0.69
9.75609756097561, 0.69
10.0, 0.71
10.476190476190476, 0.71
10.952380952380953, 0.71
11.428571428571429, 0.71
11.904761904761903, 0.71
12.380952380952381, 0.71
13.333333333333334, 0.71
13.80952380952381, 0.71
12.857142857142856, 0.71
14.285714285714285, 0.71
14.418604651162791, 0.72
14.883720930232558, 0.72
15.348837209302326, 0.72
15.813953488372093, 0.72
16.27906976744186, 0.72
16.74418604651163, 0.72
17.209302325581397, 0.72
17.674418604651162, 0.72
18.13953488372093, 0.72
18.6046511627907, 0.72
19.069767441860467, 0.72
19.53488372093023, 0.72
20.0, 0.73
20.0, 0.74
20.454545454545457, 0.74
20.909090909090907, 0.74
21.363636363636363, 0.74
21.818181818181817, 0.74
22.272727272727273, 0.74
22.727272727272727, 0.74
22.17391304347826, 0.79
22.127659574468083, 0.79
21.2, 0.85
21.6, 0.85
22.0, 0.85
21.96078431372549, 0.87
22.35294117647059, 0.87
22.745098039215687, 0.87
23.137254901960784, 0.87
23.52941176470588, 0.87
23.92156862745098, 0.87
24.313725490196077, 0.87
24.23076923076923, 0.88
24.615384615384617, 0.88
25.0, 0.88
25.384615384615383, 0.88
25.769230769230766, 0.89
26.153846153846157, 0.89
26.53846153846154, 0.89
26.923076923076923, 0.89
27.307692307692307, 0.89
27.692307692307693, 0.89
28.076923076923077, 0.89
28.46153846153846, 0.89
28.846153846153843, 0.89
28.67924528301887, 0.9
28.000000000000004, 0.93
28.363636363636363, 0.93
28.72727272727273, 0.93
29.09090909090909, 0.93
29.454545454545457, 0.93
29.818181818181817, 0.93
30.181818181818183, 0.93
28.37837837837838, 1.02
28.716216216216218, 1.02
29.054054054054053, 1.02
29.39189189189189, 1.02
29.72972972972973, 1.02
29.568106312292358, 1.04
29.900332225913623, 1.04
30.23255813953488, 1.04
30.564784053156146, 1.04
30.89700996677741, 1.04
30.718954248366014, 1.05
31.045751633986928, 1.05
31.372549019607842, 1.05
31.699346405228756, 1.05
32.02614379084967, 1.05
31.832797427652732, 1.07
32.154340836012864, 1.07
32.475884244372985, 1.07
32.79742765273312, 1.07
33.11897106109325, 1.07
32.91139240506329, 1.09
33.22784810126582, 1.09
33.54430379746836, 1.09
33.860759493670884, 1.09
34.177215189873415, 1.09
33.95638629283489, 1.1
34.26791277258567, 1.1
34.57943925233645, 1.1
34.890965732087224, 1.1
35.202492211838006, 1.1
34.96932515337423, 1.12
35.2760736196319, 1.12
33.2378223495702, 1.2
33.5243553008596, 1.2
32.417582417582416, 1.25
32.69230769230769, 1.25
32.967032967032964, 1.25
32.35294117647059, 1.29
30.96446700507614, 1.35
31.218274111675125, 1.35
31.07769423558897, 1.36
30.193236714975846, 1.41
30.071599045346066, 1.44
30.310262529832936, 1.44
28.82882882882883, 1.51
29.054054054054053, 1.52
27.718550106609808, 1.59
27.348643006263046, 1.63
27.27272727272727, 1.64
27.479338842975203, 1.64
27.685950413223143, 1.64
27.892561983471076, 1.64
28.305785123966942, 1.64
28.09917355371901, 1.64
28.22085889570552, 1.66
28.425357873210633, 1.66
28.34008097165992, 1.69
28.542510121457486, 1.69
28.74493927125506, 1.69
29.1497975708502, 1.69
29.554655870445345, 1.69
28.947368421052634, 1.69
29.75708502024291, 1.69
29.959514170040485, 1.69
29.352226720647774, 1.69
30.16194331983806, 1.69
30.303030303030305, 1.69
29.96031746031746, 1.71
30.158730158730158, 1.71
30.357142857142854, 1.71
30.555555555555557, 1.71
30.753968253968257, 1.71
30.952380952380953, 1.71
31.150793650793652, 1.71
31.041257367387033, 1.72
31.237721021611005, 1.72
31.43418467583497, 1.72
31.630648330058943, 1.72
31.827111984282908, 1.72
32.02357563850688, 1.72
32.220039292730846, 1.72
32.416502946954814, 1.72
32.61296660117878, 1.72
32.80943025540275, 1.72
33.00589390962672, 1.72
33.20235756385069, 1.73
33.39882121807465, 1.73
33.26848249027237, 1.74
33.46303501945525, 1.74
33.65758754863813, 1.74
33.85214007782101, 1.74
34.24124513618677, 1.74
34.04669260700389, 1.74
34.43579766536965, 1.74
33.45864661654135, 1.81
33.025830258302584, 1.85
33.210332103321036, 1.85
33.39483394833948, 1.85
33.579335793357934, 1.85
33.76383763837638, 1.85
33.63802559414991, 1.86
33.820840950639855, 1.87
34.003656307129795, 1.87
34.18647166361974, 1.87
34.36928702010969, 1.87
34.552102376599635, 1.87
34.73491773308958, 1.87
34.91773308957952, 1.87
33.98230088495575, 1.93
33.565217391304344, 1.97
32.93718166383701, 2.02
33.05084745762712, 2.02
32.7212020033389, 2.05
32.615894039735096, 2.07
32.24755700325733, 2.09
32.410423452768725, 2.09
32.57328990228013, 2.11
32.47172859450727, 2.12
32.26837060702875, 2.14
31.669266770670827, 2.19
31.825273010920434, 2.2
31.981279251170047, 2.2
31.88854489164087, 2.21
31.797235023041477, 2.23
31.95084485407066, 2.23
32.104454685099846, 2.23
32.25806451612903, 2.24
32.16463414634146, 2.25
32.31707317073171, 2.25
32.46951219512195, 2.25
32.6219512195122, 2.25
32.77439024390244, 2.26
32.677760968229954, 2.27
32.829046898638424, 2.27
32.880844645550525, 2.28
33.03167420814479, 2.29
32.93413173652694, 2.29
33.08383233532935, 2.3
32.791728212703106, 2.33
32.697947214076244, 2.35
32.84457478005865, 2.35
32.99120234604106, 2.36
32.94460641399417, 2.37
33.09037900874635, 2.37
32.99565846599132, 2.38
33.140376266280754, 2.38
33.28509406657019, 2.38
33.42981186685962, 2.39
33.57452966714906, 2.39
33.47701149425287, 2.41
33.42857142857143, 2.42
33.57142857142857, 2.42
32.77777777777778, 2.48
32.916666666666664, 2.48
33.05555555555556, 2.48
33.19444444444444, 2.48
33.33333333333333, 2.48
33.241379310344826, 2.51
33.15068493150685, 2.51
32.4, 2.58
32.53333333333333, 2.59
32.23684210526316, 2.61
31.948051948051948, 2.64
32.077922077922075, 2.64
32.20779220779221, 2.64
32.33766233766234, 2.64
32.467532467532465, 2.64
32.5974025974026, 2.64
32.516129032258064, 2.66
32.645161290322584, 2.66
32.35668789808917, 2.71
32.48407643312102, 2.71
32.611464968152866, 2.71
32.738853503184714, 2.71
32.86624203821656, 2.71
32.9936305732484, 2.71
33.12101910828025, 2.71
33.2484076433121, 2.71
32.9559748427673, 2.73
33.081761006289305, 2.73
33.0, 2.74
33.125, 2.74
33.25, 2.74
33.375, 2.74
33.5, 2.74
33.625, 2.74
33.75, 2.74
33.875, 2.74
34.0, 2.75
33.91304347826087, 2.77
33.827160493827165, 2.78
33.95061728395062, 2.79
34.074074074074076, 2.79
33.78048780487805, 2.81
33.90243902439025, 2.81
34.02439024390244, 2.81
34.146341463414636, 2.82
33.8962605548854, 2.85
34.016887816646566, 2.85
34.13751507840772, 2.85
34.25814234016888, 2.85
34.172661870503596, 2.86
34.2925659472422, 2.87
34.412470023980816, 2.87
34.53237410071942, 2.87
34.65227817745804, 2.87
34.77218225419664, 2.87
34.89208633093525, 2.87
35.011990407673856, 2.87
35.13189448441247, 2.87
34.834123222748815, 2.89
34.746760895170794, 2.92
34.66042154566745, 2.93
34.77751756440281, 2.93
34.894613583138174, 2.93
34.807916181606515, 2.94
34.92433061699651, 2.94
35.0407450523865, 2.96
34.9537037037037, 2.97
34.86766398158803, 2.99
34.78260869565217, 3.01
34.308211473565805, 3.05
34.18994413407821, 3.07
34.11111111111111, 3.09
34.033149171270715, 3.09
34.14364640883978, 3.09
34.065934065934066, 3.12
33.98907103825137, 3.14
33.440514469453376, 3.2
33.547695605573416, 3.2
33.654876741693464, 3.2
33.582089552238806, 3.21
33.51007423117709, 3.23
33.61611876988335, 3.23
33.72216330858961, 3.23
33.64978902953587, 3.25
33.755274261603375, 3.25
33.860759493670884, 3.25
33.9662447257384, 3.25
34.07172995780591, 3.26
33.997901364113325, 3.27
34.10283315844701, 3.27
34.20776495278069, 3.27
34.13361169102296, 3.29
34.060228452751815, 3.29
34.164070612668745, 3.3
33.91572456320658, 3.33
33.84458077709612, 3.35
33.94683026584867, 3.35
34.04907975460122, 3.35
34.151329243353786, 3.35
34.0793489318413, 3.37
34.18107833163784, 3.37
34.10931174089069, 3.38
34.21052631578947, 3.38
34.311740890688256, 3.38
34.41295546558704, 3.39
34.51417004048583, 3.39
34.44108761329305, 3.41
34.541792547834845, 3.41
34.64249748237664, 3.41
34.569138276553105, 3.42
34.66933867735471, 3.42
34.76953907815631, 3.42
34.86973947895792, 3.42
34.96993987975952, 3.42
35.07014028056113, 3.42
35.170340681362724, 3.42
35.27054108216433, 3.42
35.194416749750744, 3.44
35.11904761904761, 3.46
35.079051383399204, 3.47
35.004916420845625, 3.48
35.10324483775811, 3.48
35.2015732546706, 3.48
35.299901671583086, 3.48
35.39823008849557, 3.48
34.81195756991321, 3.56
34.908389585342334, 3.56
35.00482160077146, 3.56
35.10125361620058, 3.56
35.197685631629696, 3.56
34.990439770554495, 3.58
34.78672985781991, 3.61
34.55399061032864, 3.64
34.647887323943664, 3.64
34.74178403755869, 3.64
34.83568075117371, 3.64
34.92957746478873, 3.64
35.02347417840376, 3.64
35.117370892018776, 3.65
35.2112676056338, 3.66
35.305164319248824, 3.66
35.39906103286385, 3.66
35.49295774647888, 3.66
35.42056074766355, 3.66
35.51401869158878, 3.66
35.24514338575393, 3.71
35.01374885426215, 3.73
35.105407882676445, 3.73
35.197066911090744, 3.74
35.28872593950504, 3.74
35.38038496791934, 3.74
35.47204399633364, 3.74
35.56370302474794, 3.74
35.655362053162236, 3.74
35.747021081576534, 3.74
35.675182481751825, 3.75
35.60399636693914, 3.78
35.53345388788427, 3.78
35.62386980108499, 3.79
35.39426523297491, 3.81
35.483870967741936, 3.81
35.57347670250896, 3.82
35.34635879218472, 3.85
35.43516873889876, 3.85
35.36693191865606, 3.87
35.45534924845269, 3.87
35.54376657824933, 3.87
35.63218390804598, 3.87
35.72060123784262, 3.87
35.80901856763926, 3.87
35.8974358974359, 3.87
35.98585322723254, 3.87
35.75810692375109, 3.89
35.68935427574171, 3.91
35.776614310645726, 3.92
35.708079930495224, 3.93
35.79496090356212, 3.93
35.88184187662902, 3.93
35.875216637781634, 3.94
35.961871750433275, 3.94
36.04852686308492, 3.95
36.13518197573657, 3.95
36.0655737704918, 3.97
35.99656357388316, 3.99
36.08247422680412, 3.99
36.0136869118905, 4.01
35.7930449533503, 4.03
35.72635135135135, 4.05
35.810810810810814, 4.06
35.89527027027027, 4.06
35.82842724978974, 4.07
35.91253153910849, 4.08
35.996635828427245, 4.08
35.92964824120603, 4.09
35.86321934945788, 4.09
35.9466221851543, 4.1
35.880398671096344, 4.12
35.81472291149711, 4.14
35.749588138385505, 4.15
35.83196046128501, 4.16
35.475996745321396, 4.2
35.557363710333604, 4.2
35.63873067534581, 4.2
35.72009764035802, 4.21
35.65640194489465, 4.21
35.73743922204214, 4.23
35.67393058918483, 4.23
35.61093247588424, 4.25
35.69131832797427, 4.25
35.771704180064305, 4.25
35.852090032154344, 4.25
35.932475884244376, 4.26
35.95505617977528, 4.27
36.03531300160513, 4.27
36.11556982343499, 4.27
36.051159072741804, 4.29
36.01593625498008, 4.3
35.83860759493671, 4.33
35.80441640378549, 4.35
35.88328075709779, 4.35
35.96214511041009, 4.35
36.041009463722396, 4.36
35.97800471327572, 4.37
36.05655930871956, 4.37
35.99374021909233, 4.38
36.07198748043818, 4.38
36.15023474178404, 4.38
36.22848200312989, 4.38
36.30672926447575, 4.38
36.38497652582159, 4.39
36.46322378716745, 4.39
36.39906469212782, 4.41
36.33540372670808, 4.42
36.41304347826087, 4.42
36.209553158705695, 4.45
36.28659476117103, 4.45
36.36363636363637, 4.46
36.3008442056792, 4.48
36.37759017651573, 4.48
36.454336147352265, 4.48
36.5310821181888, 4.48
36.46788990825688, 4.48
36.4051789794364, 4.51
36.34294385432473, 4.51
36.41881638846737, 4.53
36.24717407686511, 4.55
36.322532027128865, 4.56
36.26126126126126, 4.58
36.200448765893796, 4.59
36.03268945022288, 4.61
35.97335307179867, 4.64
36.04737231680237, 4.64
36.12139156180607, 4.64
36.19541080680977, 4.64
36.26943005181347, 4.64
36.34344929681717, 4.64
36.417468541820874, 4.64
36.49148778682457, 4.64
36.63952627683197, 4.64
36.565507031828275, 4.64
36.57817109144543, 4.65
36.65191740412979, 4.65
36.59074210139603, 4.66
36.66421748714181, 4.66
36.737692872887585, 4.66
36.67642752562226, 4.69
36.403190717911535, 4.73
36.47570703408267, 4.73
36.54822335025381, 4.74
36.22668579626973, 4.78
36.29842180774749, 4.79
36.37015781922525, 4.79
36.182336182336186, 4.81
36.25356125356126, 4.81
36.324786324786324, 4.82
36.396011396011396, 4.82
36.20933521923621, 4.85
36.28005657708628, 4.85
36.222692036645526, 4.86
36.29316420014094, 4.87
36.36363636363637, 4.87
36.434108527131784, 4.87
36.5045806906272, 4.87
36.57505285412262, 4.87
36.64552501761804, 4.87
36.71599718111346, 4.87
36.78646934460888, 4.87
36.72752808988764, 4.89
36.66899930020994, 4.9
36.738978306508045, 4.91
36.80895731280616, 4.91
36.750348675034864, 4.92
36.82008368200837, 4.93
36.88981868898187, 4.93
36.831132731063235, 4.93
36.90062543432939, 4.93
36.970118137595556, 4.93
37.039610840861705, 4.94
37.10910354412786, 4.94
37.178596247394026, 4.94
37.119113573407205, 4.95
37.18836565096953, 4.95
37.257617728531855, 4.95
37.19806763285024, 4.97
37.267080745341616, 4.97
37.336093857832985, 4.98
37.27647867950481, 4.99
requests, 1459
errors, 542
