0.16556291390728478, 0.05
0.32786885245901637, 0.05
0.48543689320388345, 0.05
0.6201550387596899, 0.05
0.34602076124567477, 0.09
0.3541912632821724, 0.1
0.40959625511995323, 0.1
0.45454545454545453, 0.1
0.46704722366372603, 0.11
0.2376425855513308, 0.22
0.26109660574412535, 0.22
0.28483266081177305, 0.22
0.2315227070347284, 0.29
0.1855779427359491, 0.38
0.07828810020876827, 0.93
0.08146224733974848, 0.95
0.07480418903458594, 1.12
0.07420232500618353, 1.2
0.06599055293136982, 1.41
0.06391409945033874, 1.54
0.06676628620481354, 1.54
0.06976154236428209, 1.55
0.07144632206759444, 1.58
0.06582736772813297, 1.78
0.05754402117619979, 2.15
0.0526134730963029, 2.44
0.05120813261009748, 2.6
0.051549238728206645, 2.67
0.0533755429581094, 2.67
0.05518459246178467, 2.67
0.057020932200272226, 2.67
0.058770592664695406, 2.68
0.060596044730898475, 2.68
0.062431142122658836, 2.68
0.06422843300974437, 2.68
0.06599813005298183, 2.68
0.06750346639422025, 2.7
0.06932029625305557, 2.7
0.07102272727272728, 2.7
0.07281995266703076, 2.7
0.07460649622418342, 2.7
0.07280796033699684, 2.84
0.07284061457151085, 2.91
0.07421901356183794, 2.92
0.07577033170567436, 2.92
0.07730832577056233, 2.93
0.07831505981937548, 2.96
0.07997067741827997, 2.96
0.0810828700026476, 2.98
0.08140935881988993, 3.03
0.0830078125, 3.03
0.0846175125705824, 3.03
0.08622232344759147, 3.03
0.08379888268156424, 3.19
0.0849893377012702, 3.2
0.08641441886303315, 3.21
0.08296097923064608, 3.4
0.08441397779039136, 3.4
0.0786509364793708, 3.71
0.07998187077595745, 3.71
0.07928049699773855, 3.8
0.07672412726305239, 3.99
0.0778642936596218, 4.0
0.07907677860973138, 4.0
0.08028259473346178, 4.0
0.08143623912641125, 4.01
0.08237637396414783, 4.02
0.08345606283750613, 4.03
0.08444912246346657, 4.04
0.08558398845838784, 4.04
0.08626555209953343, 4.07
0.08747949699289229, 4.07
0.08819620635495953, 4.1
0.08914481213333172, 4.12
0.09031465626241826, 4.12
0.09037613118808938, 4.17
0.09070027681253313, 4.21
0.09177226359817867, 4.21
0.09293789630954202, 4.21
0.09243746028077879, 4.29
0.08803582297191549, 4.56
0.08883399958833026, 4.57
0.08988812718628501, 4.57
0.0834757721508924, 4.97
requests, 101188
errors, 84
