0.08216926869350863, 0.08
0.1635322976287817, 0.08
0.24311183144246357, 0.08
0.2358490566037736, 0.1
0.17661603673613563, 0.15
0.21126760563380279, 0.15
0.21957340025094102, 0.17
0.2449479485609308, 0.18
0.26200873362445415, 0.18
0.18365472910927455, 0.28
0.1366629394955895, 0.41
0.14853323431117713, 0.41
0.1607120781307949, 0.41
0.17133765756945293, 0.41
0.18353113911660346, 0.41
0.194884287454324, 0.41
0.2054132431126148, 0.42
0.21747009786154403, 0.42
0.2286401925391095, 0.42
0.236630383341221, 0.43
0.244926522043387, 0.43
0.2563803752476401, 0.43
0.26246719160104987, 0.44
0.25864856126737795, 0.47
0.23674242424242425, 0.53
0.2425373134328358, 0.53
0.17827665896335423, 0.74
0.14218250139643526, 0.97
0.1410780307452812, 1.01
0.13073604392731075, 1.15
0.13419332496428726, 1.15
0.11662657628107005, 1.36
0.10943095901313173, 1.49
0.1004134672179563, 1.69
0.09468672221621037, 1.85
0.09720534629404617, 1.86
0.09986774271910173, 1.86
0.10152013037322005, 1.88
0.1040860444634231, 1.88
0.10665244634048793, 1.88
0.10840251705356671, 1.9
0.11092330445806042, 1.9
0.11334581015894772, 1.9
0.11588095865156703, 1.9
0.1181660627067906, 1.91
0.12071906573940427, 1.91
0.12324636161006948, 1.91
0.1251858227055786, 1.92
0.12638638122259477, 1.95
0.1282281435129382, 1.96
0.1303514376996805, 1.97
0.13125678370396548, 1.99
0.13340381081829394, 1.99
0.1345023413370529, 2.02
0.13617569140112407, 2.03
0.13834675626266119, 2.03
0.1396545387725101, 2.07
0.1420593710198883, 2.07
0.14223036497758063, 2.1
0.14056460114794422, 2.16
0.1323497504881753, 2.32
0.13297587131367292, 2.35
0.13412531136232994, 2.36
0.1253476438560069, 2.57
0.1261768416965932, 2.59
0.1276941531555934, 2.6
0.12905959856686058, 2.61
0.12886597938144329, 2.66
0.12162662389169941, 2.85
0.10815153575180766, 3.26
0.10935021330992314, 3.27
0.11080843990950644, 3.27
0.11045878222975428, 3.33
0.1104889884285181, 3.37
0.10968119333138344, 3.44
0.11097806722934493, 3.45
0.10944806902335366, 3.54
0.1027072579795639, 3.81
0.10287395986613362, 3.85
0.09994003597841294, 4.01
0.10099624692958942, 4.02
0.09966212110163106, 4.14
0.094207915734992, 4.46
0.0950602614157189, 4.47
0.09582323431599121, 4.49
0.09693854547094098, 4.49
0.09784955911463021, 4.5
0.09855526934707133, 4.52
0.09926720724539077, 4.54
0.10005336179295624, 4.55
0.10113358524116471, 4.56
0.10224039829302986, 4.56
0.09934836021792545, 4.73
0.10036301516122145, 4.74
0.10141121714810307, 4.74
0.10170784421748527, 4.77
0.10249799230736718, 4.79
0.10313943820579474, 4.8
0.10406374166964491, 4.81
0.10491748240009233, 4.82
0.10592442659227487, 4.82
0.10696533064871326, 4.82
0.10799249294903383, 4.82
0.10785025407031007, 4.87
0.10872153825444981, 4.88
0.10954940057875155, 4.88
0.11036616812790097, 4.89
requests, 99161
errors, 107
