Infinity, 0.0
Infinity, 0.0
Infinity, 0.0
Infinity, 0.01
Infinity, 0.01
Infinity, 0.01
Infinity, 0.01
Infinity, 0.01
Infinity, 0.01
Infinity, 0.01
Infinity, 0.01
Infinity, 0.01
Infinity, 0.01
Infinity, 0.01
Infinity, 0.01
Infinity, 0.01
Infinity, 0.01
Infinity, 0.01
Infinity, 0.01
Infinity, 0.01
Infinity, 0.01
Infinity, 0.01
Infinity, 0.01
Infinity, 0.01
Infinity, 0.01
Infinity, 0.01
Infinity, 0.01
Infinity, 0.01
Infinity, 0.01
Infinity, 0.01
Infinity, 0.01
Infinity, 0.01
Infinity, 0.01
Infinity, 0.01
Infinity, 0.01
Infinity, 0.01
Infinity, 0.01
Infinity, 0.01
Infinity, 0.01
Infinity, 0.01
Infinity, 0.01
Infinity, 0.01
Infinity, 0.01
Infinity, 0.01
Infinity, 0.01
Infinity, 0.01
Infinity, 0.01
Infinity, 0.01
Infinity, 0.01
Infinity, 0.01
Infinity, 0.01
Infinity, 0.01
Infinity, 0.01
Infinity, 0.01
Infinity, 0.01
Infinity, 0.01
Infinity, 0.01
Infinity, 0.01
Infinity, 0.01
Infinity, 0.01
Infinity, 0.01
Infinity, 0.01
Infinity, 0.01
Infinity, 0.01
Infinity, 0.01
Infinity, 0.01
Infinity, 0.01
Infinity, 0.01
Infinity, 0.01
Infinity, 0.01
Infinity, 0.01
Infinity, 0.01
Infinity, 0.01
Infinity, 0.01
Infinity, 0.01
Infinity, 0.01
Infinity, 0.01
Infinity, 0.01
Infinity, 0.01
Infinity, 0.01
Infinity, 0.01
Infinity, 0.01
Infinity, 0.01
Infinity, 0.01
Infinity, 0.01
Infinity, 0.01
Infinity, 0.01
Infinity, 0.01
Infinity, 0.01
Infinity, 0.01
Infinity, 0.01
Infinity, 0.01
Infinity, 0.01
Infinity, 0.01
Infinity, 0.01
Infinity, 0.01
Infinity, 0.01
Infinity, 0.01
Infinity, 0.01
Infinity, 0.01
Infinity, 0.01
Infinity, 0.01
Infinity, 0.01
Infinity, 0.01
Infinity, 0.01
Infinity, 0.01
Infinity, 0.01
Infinity, 0.01
Infinity, 0.01
Infinity, 0.01
Infinity, 0.01
Infinity, 0.01
Infinity, 0.01
Infinity, 0.01
Infinity, 0.01
Infinity, 0.01
Infinity, 0.01
Infinity, 0.01
Infinity, 0.01
Infinity, 0.01
Infinity, 0.01
Infinity, 0.01
Infinity, 0.01
190.76923076923077, 0.25
192.30769230769232, 0.25
193.84615384615384, 0.25
195.3846153846154, 0.25
196.92307692307693, 0.25
184.28571428571428, 0.26
185.71428571428572, 0.26
187.14285714285714, 0.26
188.57142857142856, 0.26
147.77777777777777, 0.34
70.52631578947368, 0.64
69.23076923076923, 0.66
69.74358974358974, 0.67
70.25641025641025, 0.67
69.0, 0.69
69.5, 0.69
70.0, 0.69
70.5, 0.69
71.0, 0.69
71.5, 0.69
72.0, 0.69
72.5, 0.69
73.0, 0.69
70.0, 0.72
70.47619047619048, 0.72
69.30232558139535, 0.74
62.5, 0.82
61.63265306122449, 0.84
62.04081632653061, 0.84
60.71428571428571, 0.86
61.111111111111114, 0.86
60.78431372549019, 0.86
61.1764705882353, 0.87
60.38461538461538, 0.88
60.76923076923077, 0.88
61.15384615384616, 0.88
61.53846153846154, 0.88
61.92307692307693, 0.88
62.30769230769231, 0.89
59.27272727272728, 0.94
55.59322033898305, 1.0
55.932203389830505, 1.0
56.271186440677965, 1.0
56.61016949152542, 1.0
56.949152542372886, 1.0
57.28813559322033, 1.0
57.6271186440678, 1.0
57.96610169491525, 1.0
58.30508474576271, 1.0
58.644067796610166, 1.0
58.98305084745763, 1.0
59.32203389830508, 1.0
59.66101694915255, 1.0
60.0, 1.0
60.33898305084746, 1.0
60.67796610169491, 1.0
61.016949152542374, 1.0
61.35593220338983, 1.0
61.694915254237294, 1.0
62.03389830508475, 1.0
62.37288135593221, 1.0
62.71186440677966, 1.0
63.05084745762712, 1.0
63.389830508474574, 1.0
63.72881355932203, 1.0
64.0677966101695, 1.0
64.40677966101694, 1.0
64.7457627118644, 1.0
65.08474576271186, 1.0
65.42372881355932, 1.0
65.76271186440678, 1.0
66.10169491525424, 1.0
66.44067796610169, 1.0
66.77966101694915, 1.0
67.11864406779661, 1.0
67.45762711864407, 1.0
67.79661016949152, 1.0
68.13559322033899, 1.0
68.47457627118644, 1.0
68.8135593220339, 1.0
69.15254237288136, 1.0
69.49152542372882, 1.01
69.83050847457626, 1.01
70.16949152542374, 1.01
70.50847457627118, 1.01
70.84745762711864, 1.01
71.1864406779661, 1.01
71.52542372881356, 1.01
71.86440677966101, 1.01
72.20338983050848, 1.01
72.54237288135593, 1.01
72.88135593220339, 1.01
73.22033898305085, 1.01
73.5593220338983, 1.01
73.89830508474576, 1.01
74.23728813559322, 1.01
74.91525423728814, 1.01
74.57627118644068, 1.01
75.2542372881356, 1.01
75.59322033898304, 1.01
75.9322033898305, 1.01
76.27118644067797, 1.01
76.61016949152543, 1.01
76.94915254237287, 1.01
76.76767676767676, 1.01
77.10437710437711, 1.01
77.44107744107744, 1.01
78.11447811447812, 1.01
77.77777777777779, 1.01
78.45117845117845, 1.01
80.13468013468014, 1.01
80.47138047138047, 1.01
78.78787878787878, 1.01
79.7979797979798, 1.01
79.12457912457911, 1.01
80.8080808080808, 1.01
82.15488215488216, 1.01
81.14478114478115, 1.01
83.5016835016835, 1.01
81.48148148148148, 1.01
83.83838383838383, 1.01
81.81818181818183, 1.01
82.49158249158249, 1.01
84.84848484848484, 1.01
83.16498316498317, 1.01
85.18518518518519, 1.01
79.46127946127946, 1.01
84.17508417508418, 1.01
85.52188552188552, 1.01
86.53198653198653, 1.01
86.19528619528619, 1.01
84.51178451178451, 1.01
87.54208754208754, 1.01
85.85858585858585, 1.01
82.82828282828282, 1.01
87.87878787878788, 1.01
88.21548821548821, 1.01
87.20538720538721, 1.01
89.22558922558923, 1.01
89.56228956228956, 1.01
89.8989898989899, 1.01
90.23569023569024, 1.01
88.55218855218855, 1.01
88.88888888888889, 1.01
90.26845637583892, 1.01
90.60402684563759, 1.01
90.93959731543623, 1.01
91.61073825503355, 1.01
91.2751677852349, 1.01
92.61744966442953, 1.01
92.9530201342282, 1.01
91.94630872483222, 1.01
93.28859060402685, 1.01
94.29530201342283, 1.01
94.63087248322147, 1.01
93.6241610738255, 1.01
94.96644295302013, 1.01
93.95973154362416, 1.01
95.63758389261746, 1.01
92.28187919463086, 1.01
95.9731543624161, 1.01
95.30201342281879, 1.01
96.30872483221476, 1.01
97.0, 1.01
98.0, 1.01
98.33333333333333, 1.01
99.66666666666667, 1.01
97.66666666666667, 1.01
96.64429530201343, 1.01
100.66666666666666, 1.01
101.0, 1.01
96.33333333333334, 1.01
103.0, 1.01
98.66666666666667, 1.01
100.0, 1.01
97.33333333333334, 1.01
100.33333333333334, 1.01
101.33333333333334, 1.01
101.66666666666666, 1.01
96.66666666666667, 1.01
102.0, 1.01
102.33333333333334, 1.01
102.66666666666666, 1.01
103.33333333333334, 1.01
103.66666666666666, 1.01
99.0, 1.01
99.33333333333333, 1.01
86.86868686868688, 1.01
102.29508196721311, 1.04
102.62295081967213, 1.04
102.28013029315962, 1.04
101.61290322580645, 1.05
101.93548387096773, 1.06
102.25806451612902, 1.06
100.95238095238095, 1.08
99.6875, 1.08
100.0, 1.09
100.3125, 1.09
100.62500000000001, 1.09
100.93749999999999, 1.09
101.25, 1.09
101.5625, 1.09
101.875, 1.09
100.61538461538461, 1.1
99.39393939393939, 1.12
99.69696969696969, 1.12
100.0, 1.12
100.3030303030303, 1.13
99.1044776119403, 1.13
99.40298507462687, 1.13
99.70149253731343, 1.13
100.0, 1.14
100.29850746268656, 1.14
100.59701492537314, 1.14
100.29673590504451, 1.15
99.70588235294117, 1.15
100.0, 1.15
100.29411764705883, 1.15
99.1304347826087, 1.17
99.42028985507247, 1.17
99.71014492753623, 1.17
100.0, 1.17
100.28985507246378, 1.17
99.14285714285714, 1.18
99.42857142857143, 1.18
99.71428571428571, 1.19
100.0, 1.19
100.28571428571429, 1.19
97.77777777777777, 1.22
98.05555555555556, 1.22
98.33333333333333, 1.22
98.61111111111111, 1.22
98.88888888888889, 1.22
99.16666666666667, 1.22
99.44444444444444, 1.22
98.35616438356163, 1.23
97.2972972972973, 1.25
97.56756756756756, 1.25
97.83783783783784, 1.25
98.1081081081081, 1.25
98.37837837837839, 1.26
98.64864864864865, 1.26
98.91891891891892, 1.26
99.1891891891892, 1.26
98.13333333333333, 1.26
98.4, 1.27
98.66666666666667, 1.28
98.93333333333332, 1.28
96.62337662337663, 1.3
96.88311688311688, 1.3
97.14285714285714, 1.3
97.40259740259741, 1.31
97.66233766233766, 1.31
97.92207792207792, 1.31
98.18181818181819, 1.31
98.44155844155844, 1.31
97.43589743589743, 1.32
97.6923076923077, 1.32
96.70886075949367, 1.34
95.75, 1.36
94.81481481481482, 1.37
91.66666666666666, 1.42
90.8235294117647, 1.44
91.05882352941177, 1.44
91.29411764705883, 1.44
91.52941176470588, 1.44
91.76470588235294, 1.44
92.0, 1.44
92.23529411764706, 1.44
92.47058823529412, 1.44
88.53932584269663, 1.5
86.81318681318682, 1.54
85.16129032258064, 1.57
85.3763440860215, 1.58
84.68085106382979, 1.59
84.8936170212766, 1.59
84.21052631578947, 1.61
84.42105263157896, 1.61
84.63157894736842, 1.61
83.95833333333333, 1.62
84.16666666666667, 1.63
84.375, 1.63
84.58333333333333, 1.63
83.91752577319588, 1.64
83.26530612244898, 1.66
83.46938775510205, 1.66
83.6734693877551, 1.66
83.87755102040816, 1.66
80.7843137254902, 1.72
80.98039215686275, 1.72
81.17647058823529, 1.73
81.37254901960785, 1.73
81.56862745098039, 1.73
79.88505747126436, 1.76
79.92351816443595, 1.76
77.5925925925926, 1.83
77.06422018348624, 1.84
76.54545454545455, 1.86
76.72727272727272, 1.86
76.9090909090909, 1.86
76.3963963963964, 1.87
76.57657657657657, 1.87
76.75675675675676, 1.87
76.93693693693695, 1.87
77.11711711711712, 1.87
77.29729729729729, 1.87
77.47747747747748, 1.88
76.96428571428572, 1.88
77.14285714285715, 1.89
75.96491228070175, 1.92
76.14035087719299, 1.92
76.31578947368422, 1.93
76.66666666666667, 1.93
76.49122807017544, 1.93
76.17391304347827, 1.94
75.6896551724138, 1.96
74.57627118644068, 1.99
74.7457627118644, 1.99
74.91525423728814, 2.0
74.45378151260505, 2.0
74.6218487394958, 2.0
74.78991596638656, 2.0
74.95798319327731, 2.0
75.12605042016807, 2.0
75.29411764705883, 2.0
75.46218487394958, 2.0
75.63025210084034, 2.0
75.7983193277311, 2.0
75.96638655462185, 2.0
76.1344537815126, 2.0
76.30252100840336, 2.0
76.47058823529412, 2.0
76.63865546218489, 2.0
76.80672268907564, 2.0
76.9747899159664, 2.0
77.14285714285715, 2.0
77.31092436974791, 2.0
77.47899159663866, 2.0
77.64705882352942, 2.0
77.81512605042018, 2.0
77.98319327731093, 2.0
78.15126050420169, 2.0
78.31932773109244, 2.0
78.4873949579832, 2.0
78.65546218487395, 2.0
78.82352941176471, 2.0
78.99159663865547, 2.0
79.15966386554622, 2.0
79.32773109243698, 2.0
79.49579831932773, 2.0
79.66386554621849, 2.0
79.83193277310924, 2.0
80.0, 2.0
80.16806722689076, 2.0
80.33613445378151, 2.0
80.50420168067227, 2.01
80.67226890756302, 2.01
80.84033613445378, 2.01
81.00840336134453, 2.01
81.17647058823529, 2.01
81.34453781512605, 2.01
81.5126050420168, 2.01
82.01680672268907, 2.01
81.68067226890756, 2.01
82.18487394957982, 2.01
81.84873949579831, 2.01
82.35294117647058, 2.01
82.52100840336134, 2.01
82.68907563025209, 2.01
82.85714285714286, 2.01
83.02521008403362, 2.01
83.19327731092437, 2.01
83.36134453781513, 2.01
83.52941176470588, 2.01
83.69747899159664, 2.01
83.8655462184874, 2.01
84.03361344537815, 2.01
84.2016806722689, 2.01
84.36974789915966, 2.01
84.53781512605042, 2.01
84.70588235294117, 2.01
84.87394957983193, 2.01
85.04201680672269, 2.01
85.21008403361344, 2.01
85.3781512605042, 2.01
85.54621848739495, 2.01
85.71428571428571, 2.01
85.88235294117646, 2.01
86.05042016806723, 2.01
86.21848739495799, 2.01
86.38655462184875, 2.01
86.5546218487395, 2.01
86.72268907563026, 2.01
86.89075630252101, 2.01
87.05882352941177, 2.01
87.22689075630252, 2.01
87.56302521008404, 2.01
87.39495798319328, 2.01
87.73109243697479, 2.01
87.89915966386555, 2.01
88.0672268907563, 2.01
88.57142857142857, 2.01
88.73949579831933, 2.01
88.40336134453781, 2.01
88.90756302521008, 2.01
88.23529411764706, 2.01
89.07563025210085, 2.01
89.2436974789916, 2.01
89.41176470588236, 2.01
88.83333333333333, 2.03
88.26446280991735, 2.04
87.70491803278688, 2.05
87.8688524590164, 2.05
88.03278688524591, 2.06
88.19672131147541, 2.06
88.36065573770492, 2.06
87.8048780487805, 2.07
87.96747967479675, 2.07
88.13008130081302, 2.07
88.29268292682927, 2.07
88.45528455284553, 2.08
88.6178861788618, 2.08
88.78048780487805, 2.08
88.2258064516129, 2.09
88.38709677419355, 2.09
88.54838709677419, 2.1
88.70967741935483, 2.1
88.16000000000001, 2.1
88.32, 2.11
88.05732484076432, 2.12
88.21656050955414, 2.12
88.09523809523809, 2.12
88.25396825396825, 2.13
88.4126984126984, 2.13
88.57142857142857, 2.13
88.30963665086888, 2.13
88.18897637795276, 2.13
87.65625, 2.15
87.8125, 2.15
87.96875, 2.15
88.125, 2.16
88.28125, 2.17
87.75193798449612, 2.17
87.90697674418605, 2.17
88.06201550387597, 2.17
88.21705426356588, 2.17
88.37209302325581, 2.18
88.52713178294573, 2.18
88.0, 2.19
88.15384615384615, 2.2
87.63358778625954, 2.21
87.78625954198473, 2.21
87.93893129770993, 2.22
88.09160305343512, 2.22
88.2442748091603, 2.22
88.3969465648855, 2.22
88.54961832061069, 2.22
88.70229007633587, 2.22
88.85496183206106, 2.22
88.60182370820668, 2.22
88.48484848484848, 2.22
88.63636363636364, 2.22
88.38612368024133, 2.23
88.27067669172932, 2.24
88.42105263157895, 2.25
88.57142857142857, 2.25
88.7218045112782, 2.25
88.87218045112782, 2.25
88.88888888888889, 2.25
88.77245508982035, 2.25
88.65671641791046, 2.26
88.80597014925374, 2.26
88.95522388059702, 2.26
89.1044776119403, 2.26
88.5925925925926, 2.27
88.74074074074075, 2.28
88.10572687224669, 2.3
87.73722627737226, 2.3
87.88321167883211, 2.31
88.02919708029196, 2.31
88.17518248175182, 2.31
88.32116788321169, 2.32
88.46715328467153, 2.32
87.97101449275362, 2.32
88.1159420289855, 2.33
88.26086956521739, 2.33
87.76978417266187, 2.35
87.9136690647482, 2.35
88.05755395683454, 2.35
87.57142857142857, 2.36
87.71428571428571, 2.36
87.85714285714286, 2.36
88.0, 2.36
88.14285714285714, 2.36
87.65957446808511, 2.37
87.80141843971631, 2.37
87.94326241134752, 2.38
88.08510638297872, 2.38
87.60563380281691, 2.4
87.74647887323944, 2.4
87.27272727272727, 2.41
87.41258741258741, 2.41
87.55244755244756, 2.41
87.08333333333333, 2.42
87.22222222222223, 2.43
86.75862068965517, 2.44
86.89655172413792, 2.45
86.43835616438355, 2.46
86.57534246575342, 2.46
86.12244897959184, 2.48
85.67567567567568, 2.49
85.8108108108108, 2.49
85.36912751677852, 2.51
84.59495351925631, 2.54
83.94736842105263, 2.57
83.52941176470588, 2.58
83.33333333333334, 2.59
83.46354166666666, 2.59
82.83870967741936, 2.61
82.96774193548387, 2.61
82.56410256410255, 2.62
82.6923076923077, 2.62
82.82051282051283, 2.63
82.94871794871796, 2.63
83.07692307692308, 2.63
82.67515923566879, 2.64
82.80254777070064, 2.64
82.92993630573248, 2.64
82.53164556962025, 2.66
82.65822784810126, 2.66
82.78481012658227, 2.66
82.91139240506328, 2.66
83.0379746835443, 2.67
81.61490683229815, 2.72
81.73913043478261, 2.72
81.35802469135803, 2.72
81.48148148148148, 2.73
81.60493827160494, 2.73
79.66305655836342, 2.8
78.92857142857143, 2.83
78.57988165680473, 2.84
78.69822485207101, 2.85
78.3529411764706, 2.86
78.47058823529412, 2.86
78.12865497076024, 2.87
78.24561403508771, 2.87
78.3625730994152, 2.87
78.47953216374269, 2.87
78.59649122807018, 2.87
78.71345029239765, 2.87
78.83040935672516, 2.88
78.94736842105263, 2.88
78.6046511627907, 2.9
78.26589595375722, 2.91
78.11059907834101, 2.92
78.04597701149424, 2.92
78.16091954022988, 2.93
78.27586206896552, 2.93
78.39080459770115, 2.93
78.05714285714286, 2.95
77.72727272727272, 2.96
77.8409090909091, 2.96
77.51412429378531, 2.97
77.62711864406779, 2.98
77.74011299435028, 2.98
77.41573033707864, 3.0
77.52808988764045, 3.0
77.64044943820225, 3.0
77.75280898876404, 3.0
77.86516853932585, 3.0
77.97752808988764, 3.0
78.08988764044943, 3.0
78.20224719101122, 3.0
78.31460674157303, 3.0
78.42696629213484, 3.0
78.53932584269663, 3.0
78.65168539325843, 3.0
78.76404494382022, 3.0
78.87640449438203, 3.0
78.98876404494382, 3.0
79.10112359550561, 3.0
79.21348314606742, 3.0
79.32584269662921, 3.0
79.43820224719101, 3.0
79.5505617977528, 3.0
79.66292134831461, 3.0
79.7752808988764, 3.0
79.88764044943821, 3.0
80.0, 3.0
80.11235955056179, 3.0
80.2247191011236, 3.0
80.33707865168539, 3.0
80.4494382022472, 3.0
80.56179775280899, 3.0
80.67415730337079, 3.0
80.78651685393258, 3.0
80.89887640449437, 3.0
81.01123595505618, 3.0
81.12359550561797, 3.0
81.23595505617978, 3.0
81.25701459034792, 3.0
81.3692480359147, 3.0
81.48148148148148, 3.0
81.22905027932961, 3.01
81.34078212290503, 3.01
81.45251396648044, 3.01
81.56424581005587, 3.01
81.67597765363128, 3.01
81.7877094972067, 3.01
81.89944134078212, 3.01
82.01117318435755, 3.01
82.12290502793296, 3.01
82.23463687150839, 3.01
82.3463687150838, 3.01
82.45810055865923, 3.01
82.56983240223464, 3.01
82.68156424581005, 3.01
82.79329608938546, 3.01
82.90502793296089, 3.01
83.0167597765363, 3.01
83.12849162011173, 3.01
83.24022346368714, 3.01
83.35195530726257, 3.01
83.46368715083798, 3.01
83.57541899441341, 3.01
83.68715083798882, 3.01
83.79888268156425, 3.01
83.91061452513966, 3.01
84.02234636871509, 3.01
84.1340782122905, 3.01
84.24581005586592, 3.01
84.35754189944134, 3.01
84.46927374301676, 3.02
84.58100558659218, 3.02
84.6927374301676, 3.02
84.80446927374302, 3.02
84.91620111731844, 3.02
84.55555555555556, 3.03
84.66666666666667, 3.03
84.77777777777777, 3.03
84.41988950276243, 3.04
84.5303867403315, 3.05
84.64088397790054, 3.05
84.65783664459161, 3.05
84.3956043956044, 3.06
84.50549450549451, 3.07
84.61538461538461, 3.07
84.72527472527473, 3.07
84.83516483516483, 3.07
84.94505494505495, 3.07
85.05494505494505, 3.07
84.69945355191257, 3.08
84.80874316939891, 3.08
84.91803278688525, 3.08
84.56521739130434, 3.09
84.67391304347827, 3.09
84.78260869565217, 3.09
84.8913043478261, 3.1
85.0, 3.1
85.10869565217392, 3.1
85.12486427795875, 3.1
84.86486486486487, 3.11
84.97297297297297, 3.12
85.08108108108108, 3.12
85.18918918918918, 3.12
85.29729729729729, 3.12
84.94623655913979, 3.13
85.05376344086022, 3.13
85.16129032258064, 3.13
85.26881720430107, 3.13
85.3763440860215, 3.13
85.48387096774194, 3.13
85.59139784946237, 3.13
85.69892473118279, 3.13
85.80645161290322, 3.13
85.91397849462365, 3.13
86.02150537634408, 3.13
86.12903225806451, 3.13
85.77540106951872, 3.14
85.88235294117646, 3.15
85.98930481283422, 3.15
86.09625668449198, 3.15
86.20320855614973, 3.15
86.31016042780749, 3.15
86.14072494669509, 3.16
86.06382978723404, 3.16
86.17021276595744, 3.17
86.27659574468085, 3.17
86.38297872340426, 3.17
86.48936170212767, 3.17
86.13756613756614, 3.17
86.24338624338624, 3.18
86.34920634920636, 3.18
86.45502645502646, 3.19
86.10526315789474, 3.2
86.21052631578947, 3.2
86.04407135362014, 3.21
85.96858638743456, 3.21
85.625, 3.22
85.72916666666667, 3.22
85.83333333333333, 3.23
85.9375, 3.24
85.59585492227978, 3.25
85.69948186528498, 3.25
85.80310880829015, 3.25
85.4639175257732, 3.26
85.56701030927834, 3.26
85.6701030927835, 3.26
85.77319587628865, 3.26
85.87628865979381, 3.26
85.97938144329898, 3.26
85.99382080329558, 3.27
84.8730964467005, 3.31
84.9746192893401, 3.31
85.0761421319797, 3.31
85.17766497461929, 3.31
85.27918781725889, 3.32
85.29411764705883, 3.32
85.05050505050505, 3.32
85.15151515151516, 3.33
85.25252525252526, 3.33
85.35353535353535, 3.33
85.02512562814071, 3.35
85.12562814070351, 3.35
85.22613065326632, 3.35
85.32663316582915, 3.35
85.42713567839196, 3.35
85.1, 3.36
85.2, 3.36
85.3, 3.36
85.39999999999999, 3.36
85.5, 3.37
85.6, 3.37
85.27363184079601, 3.37
85.37313432835822, 3.38
85.4726368159204, 3.39
85.57213930348259, 3.39
85.33201189296334, 3.39
85.43111992071358, 3.4
85.53022794846382, 3.4
85.29121421520237, 3.41
85.38993089832182, 3.42
85.48864758144127, 3.42
85.5873642645607, 3.42
85.26522593320236, 3.42
84.94623655913979, 3.44
85.04398826979472, 3.45
85.14173998044966, 3.45
84.8249027237354, 3.47
84.92217898832685, 3.47
85.01945525291829, 3.47
85.11673151750972, 3.47
84.80154888673765, 3.48
84.89835430784125, 3.49
84.99515972894483, 3.49
84.76374156219865, 3.5
84.86017357762778, 3.5
84.5489443378119, 3.51
84.2406876790831, 3.54
84.33619866284623, 3.54
83.6329233680227, 3.56
83.72753074739829, 3.57
83.8221381267739, 3.57
83.52165725047081, 3.58
83.22399250234301, 3.6
82.92910447761194, 3.61
83.02238805970148, 3.62
83.11567164179104, 3.62
82.8996282527881, 3.62
82.91550603528319, 3.63
83.008356545961, 3.64
82.71719038817005, 3.65
82.42870285188593, 3.66
82.52069917203312, 3.66
82.61269549218031, 3.66
82.7046918123275, 3.67
82.41758241758241, 3.69
82.5091575091575, 3.69
82.22424794895169, 3.69
82.31540565177757, 3.69
82.18181818181817, 3.71
82.27272727272728, 3.71
82.13961922030825, 3.72
82.00723327305606, 3.73
82.09764918625679, 3.73
82.11382113821138, 3.74
82.20415537488708, 3.74
80.47703180212014, 3.82
80.56537102473497, 3.82
80.29903254177661, 3.84
80.38698328935796, 3.84
80.12259194395797, 3.85
80.21015761821366, 3.85
80.29772329246934, 3.86
80.38528896672504, 3.86
80.40244969378828, 3.86
80.4899387576553, 3.86
80.5774278215223, 3.86
80.38360941586748, 3.87
80.47079337401918, 3.87
80.55797733217088, 3.87
80.64516129032258, 3.87
80.73234524847427, 3.87
80.81952920662599, 3.87
80.90671316477767, 3.87
80.71242397914857, 3.88
80.79930495221546, 3.88
80.88618592528236, 3.88
80.97306689834926, 3.88
80.98958333333334, 3.88
80.72601555747623, 3.9
80.8124459809853, 3.9
80.89887640449437, 3.9
80.6368330464716, 3.91
80.72289156626506, 3.92
80.80895008605852, 3.92
80.82545141874462, 3.92
80.63410454155957, 3.93
80.719794344473, 3.93
80.80548414738647, 3.93
80.89117395029992, 3.94
80.63139931740614, 3.95
80.71672354948805, 3.95
80.80204778156997, 3.95
80.54375531011046, 3.96
80.6287170773152, 3.96
80.71367884451996, 3.97
80.79864061172472, 3.97
80.81494057724957, 3.97
80.62605752961083, 3.99
80.71065989847716, 3.99
80.45492839090144, 4.0
80.53917438921651, 4.0
80.6234203875316, 4.0
80.70766638584668, 4.0
80.79191238416176, 4.0
80.87615838247683, 4.0
80.96040438079191, 4.0
81.044650379107, 4.0
81.12889637742208, 4.0
81.21314237573716, 4.0
81.29738837405223, 4.0
81.38163437236732, 4.0
81.4658803706824, 4.01
81.55012636899748, 4.01
81.42857142857143, 4.01
81.44416456759026, 4.01
81.5281276238455, 4.01
81.61209068010076, 4.01
81.696053736356, 4.01
81.78001679261125, 4.01
81.86397984886649, 4.01
81.94794290512175, 4.01
82.03190596137699, 4.01
82.11586901763224, 4.01
82.19983207388749, 4.01
82.28379513014274, 4.01
82.36775818639799, 4.01
82.45172124265324, 4.02
82.53568429890848, 4.02
82.61964735516372, 4.02
82.70361041141896, 4.02
82.78757346767422, 4.02
82.52508361204013, 4.03
82.6086956521739, 4.03
82.34804329725229, 4.04
82.43130724396336, 4.05
82.51457119067443, 4.05
82.59783513738552, 4.06
82.68109908409659, 4.06
82.76436303080766, 4.06
82.50414593698176, 4.07
82.58706467661692, 4.07
82.66998341625207, 4.07
82.75290215588723, 4.07
82.83582089552239, 4.07
82.91873963515755, 4.07
82.65895953757226, 4.08
82.74153592072668, 4.08
82.8241123038811, 4.08
82.90668868703551, 4.09
82.98926507018992, 4.09
83.07184145334435, 4.09
83.15441783649877, 4.09
83.23699421965318, 4.09
83.11367380560132, 4.09
83.05921052631578, 4.09
83.14144736842105, 4.1
83.22368421052632, 4.1
82.96478296478297, 4.11
83.04668304668304, 4.12
83.12858312858313, 4.12
83.2104832104832, 4.12
83.29238329238329, 4.12
83.37428337428338, 4.12
83.18367346938776, 4.13
83.26530612244898, 4.13
83.278955954323, 4.13
83.3605220228385, 4.13
83.442088091354, 4.13
83.5236541598695, 4.13
83.605220228385, 4.14
83.68678629690048, 4.14
83.76835236541599, 4.14
83.5093419983753, 4.15
83.59057676685622, 4.16
83.67181153533713, 4.16
83.68506493506493, 4.16
83.49514563106796, 4.17
83.57605177993528, 4.17
83.65695792880258, 4.17
83.7378640776699, 4.17
83.81877022653723, 4.17
83.89967637540452, 4.17
83.98058252427184, 4.17
83.72280419016921, 4.18
83.80338436744562, 4.18
83.883964544722, 4.19
83.9645447219984, 4.19
83.70786516853933, 4.2
83.78812199036918, 4.2
83.86837881219904, 4.2
83.94863563402889, 4.2
84.02889245585875, 4.2
84.1091492776886, 4.21
84.18940609951846, 4.21
83.93285371702638, 4.21
84.01278976818544, 4.22
84.09272581934452, 4.22
84.17266187050359, 4.22
84.25259792166267, 4.22
83.9968152866242, 4.23
83.74306106264869, 4.25
83.8223632038065, 4.26
83.90166534496431, 4.26
83.98096748612213, 4.26
83.99366085578447, 4.26
84.0729001584786, 4.26
84.15213946117274, 4.26
83.9652448657188, 4.26
84.04423380726699, 4.27
83.79228953579857, 4.29
83.5423197492163, 4.3
83.62068965517241, 4.31
83.69905956112854, 4.31
83.77742946708464, 4.31
83.85579937304075, 4.31
83.93416927899686, 4.31
84.01253918495298, 4.31
84.02505873140173, 4.31
83.8407494145199, 4.32
83.91881342701015, 4.32
83.93135725429018, 4.33
83.42370255615802, 4.35
83.50116189000775, 4.35
83.57862122385747, 4.36
83.6560805577072, 4.36
83.73353989155693, 4.36
83.74613003095975, 4.36
83.56481481481481, 4.36
83.64197530864197, 4.37
83.65458750963762, 4.38
83.47425057647963, 4.38
83.2312404287902, 4.41
83.30781010719755, 4.41
83.06636155606407, 4.42
83.14263920671243, 4.42
82.90273556231003, 4.43
82.97872340425532, 4.44
83.05471124620061, 4.44
82.81604844814534, 4.46
82.57918552036199, 4.47
82.65460030165912, 4.47
82.66767143933686, 4.48
82.49436513899325, 4.49
82.5694966190834, 4.49
82.33532934131736, 4.51
82.41017964071857, 4.51
82.17747949291574, 4.51
81.94650817236256, 4.54
81.71724648408586, 4.56
81.79126572908957, 4.56
81.80473372781066, 4.56
81.63716814159292, 4.57
81.71091445427729, 4.57
81.7243920412675, 4.58
81.55767817781043, 4.59
81.33235724743777, 4.61
81.40556368960469, 4.61
81.24087591240877, 4.62
81.31386861313868, 4.62
81.38686131386861, 4.62
81.45985401459855, 4.62
81.53284671532846, 4.62
81.60583941605839, 4.62
81.67883211678833, 4.62
81.75182481751825, 4.62
81.76513493800147, 4.63
81.83807439824945, 4.63
81.85131195335276, 4.63
81.74545454545455, 4.64
81.75872093023256, 4.64
81.59420289855073, 4.66
81.66666666666667, 4.66
81.73913043478261, 4.66
81.75235336712528, 4.66
81.82476466328748, 4.66
81.89717595944967, 4.66
81.79190751445087, 4.67
81.86416184971098, 4.67
81.9364161849711, 4.67
82.00867052023122, 4.67
82.08092485549133, 4.67
81.8574514038877, 4.68
81.92944564434845, 4.69
82.00143988480922, 4.69
82.07343412526998, 4.69
81.85078909612625, 4.7
81.92252510760402, 4.71
81.99426111908178, 4.71
82.00716845878136, 4.71
81.84417441029306, 4.72
81.62393162393163, 4.74
81.69515669515668, 4.74
81.5340909090909, 4.75
81.60511363636364, 4.76
81.38711960368012, 4.77
81.45789101203114, 4.77
81.52866242038218, 4.78
81.31170662905501, 4.79
81.38222849083215, 4.79
81.3953488372093, 4.79
81.23682361208714, 4.8
81.02240896358543, 4.82
81.09243697478992, 4.82
81.1624649859944, 4.82
81.23249299719888, 4.83
81.0188415910677, 4.84
80.80667593880389, 4.85
80.87621696801112, 4.85
80.94575799721837, 4.86
81.0152990264256, 4.86
81.08484005563282, 4.86
80.87318087318087, 4.87
80.94248094248094, 4.88
80.78783690393918, 4.88
80.85694540428473, 4.89
80.92605390463027, 4.89
80.9951624049758, 4.89
81.06427090532135, 4.89
80.85399449035813, 4.9
80.9228650137741, 4.9
80.99173553719008, 4.9
81.06060606060606, 4.9
81.12947658402204, 4.91
80.9196980096088, 4.92
80.98833218943034, 4.92
81.0569663692519, 4.93
81.12560054907344, 4.93
81.19423472889498, 4.93
81.26286890871654, 4.93
81.05335157318741, 4.94
80.84526244035446, 4.96
80.9134287661895, 4.96
80.92643051771117, 4.96
80.77445652173914, 4.98
80.84239130434783, 4.98
80.91032608695652, 4.98
80.75880758807588, 4.99
80.82655826558266, 4.99
80.83953960731212, 5.0
80.79783637592968, 5.0
requests, 1481
errors, 1195
