Infinity, 0.0
Infinity, 0.01
Infinity, 0.01
Infinity, 0.01
Infinity, 0.01
Infinity, 0.01
Infinity, 0.01
Infinity, 0.01
Infinity, 0.01
Infinity, 0.01
Infinity, 0.01
Infinity, 0.01
Infinity, 0.01
Infinity, 0.01
Infinity, 0.01
Infinity, 0.01
Infinity, 0.01
Infinity, 0.01
Infinity, 0.01
Infinity, 0.01
Infinity, 0.01
Infinity, 0.01
Infinity, 0.01
Infinity, 0.01
Infinity, 0.01
Infinity, 0.01
Infinity, 0.01
Infinity, 0.01
Infinity, 0.01
Infinity, 0.01
Infinity, 0.01
Infinity, 0.01
Infinity, 0.01
Infinity, 0.01
Infinity, 0.01
Infinity, 0.01
Infinity, 0.01
Infinity, 0.01
Infinity, 0.01
Infinity, 0.01
Infinity, 0.01
Infinity, 0.01
Infinity, 0.01
Infinity, 0.01
Infinity, 0.01
Infinity, 0.01
Infinity, 0.01
Infinity, 0.01
Infinity, 0.01
Infinity, 0.01
Infinity, 0.01
Infinity, 0.01
Infinity, 0.01
Infinity, 0.01
Infinity, 0.01
Infinity, 0.01
Infinity, 0.01
Infinity, 0.01
Infinity, 0.01
Infinity, 0.01
Infinity, 0.01
Infinity, 0.01
Infinity, 0.01
Infinity, 0.01
Infinity, 0.01
165.0, 0.15
167.5, 0.15
170.0, 0.15
172.5, 0.15
175.0, 0.15
177.5, 0.15
180.0, 0.15
182.5, 0.15
185.0, 0.15
187.5, 0.15
190.0, 0.15
192.5, 0.15
173.33333333333334, 0.16
175.55555555555554, 0.16
177.77777777777777, 0.16
180.0, 0.16
182.22222222222223, 0.16
184.44444444444446, 0.16
186.66666666666666, 0.17
188.88888888888889, 0.17
191.11111111111111, 0.17
193.33333333333334, 0.17
195.55555555555554, 0.17
185.41666666666669, 0.17
163.63636363636365, 0.19
101.11111111111111, 0.32
102.22222222222221, 0.32
97.89473684210527, 0.33
98.94736842105263, 0.33
95.0, 0.35
96.0, 0.35
88.18181818181819, 0.39
81.66666666666667, 0.41
82.5, 0.41
80.0, 0.42
80.80000000000001, 0.43
56.666666666666664, 0.62
54.21052631578947, 0.65
54.736842105263165, 0.65
55.26315789473685, 0.65
54.35897435897436, 0.67
53.5, 0.68
51.42857142857142, 0.71
51.90476190476191, 0.72
50.0, 0.74
43.529411764705884, 0.86
43.07692307692308, 0.88
43.46153846153846, 0.88
43.0188679245283, 0.89
43.39622641509434, 0.89
43.77358490566038, 0.89
43.333333333333336, 0.91
43.7037037037037, 0.91
44.074074074074076, 0.91
45.18518518518518, 0.91
44.81481481481481, 0.91
44.44444444444444, 0.91
45.55555555555556, 0.91
45.925925925925924, 0.91
46.2962962962963, 0.91
45.81818181818182, 0.93
46.18181818181818, 0.94
46.54545454545455, 0.94
46.07142857142857, 0.96
46.42857142857143, 0.96
46.785714285714285, 0.96
47.14285714285714, 0.96
47.5, 0.96
47.85714285714286, 0.96
48.214285714285715, 0.96
48.57142857142857, 0.96
48.92857142857142, 0.96
48.421052631578945, 0.97
48.771929824561404, 0.97
49.122807017543856, 0.97
49.473684210526315, 0.97
48.797250859106526, 0.99
49.140893470790374, 0.99
49.48453608247423, 0.99
49.152542372881356, 1.0
49.49152542372882, 1.0
49.83050847457628, 1.0
50.16949152542372, 1.0
50.50847457627119, 1.0
50.847457627118644, 1.0
51.186440677966104, 1.0
51.52542372881356, 1.0
51.864406779661024, 1.0
52.20338983050847, 1.0
52.54237288135594, 1.0
52.88135593220339, 1.0
53.22033898305085, 1.0
53.559322033898304, 1.0
53.898305084745765, 1.0
54.57627118644067, 1.0
56.271186440677965, 1.0
54.91525423728814, 1.0
55.59322033898305, 1.0
55.932203389830505, 1.0
54.23728813559322, 1.0
56.61016949152542, 1.0
55.254237288135585, 1.0
56.949152542372886, 1.0
57.28813559322033, 1.0
57.6271186440678, 1.0
57.96610169491525, 1.0
58.30508474576271, 1.0
58.644067796610166, 1.0
58.98305084745763, 1.0
59.32203389830508, 1.0
59.66101694915255, 1.0
66.44067796610169, 1.0
60.33898305084746, 1.0
60.67796610169491, 1.0
61.016949152542374, 1.0
61.35593220338983, 1.0
61.694915254237294, 1.0
62.03389830508475, 1.0
62.37288135593221, 1.0
62.71186440677966, 1.0
63.05084745762712, 1.0
63.389830508474574, 1.0
63.72881355932203, 1.0
64.0677966101695, 1.0
64.40677966101694, 1.0
64.7457627118644, 1.0
65.08474576271186, 1.0
65.42372881355932, 1.0
65.76271186440678, 1.0
66.10169491525424, 1.0
66.77966101694915, 1.0
67.11864406779661, 1.0
67.45762711864407, 1.0
67.79661016949152, 1.0
68.13559322033899, 1.0
60.0, 1.0
68.47457627118644, 1.0
68.8135593220339, 1.01
69.15254237288136, 1.01
69.49152542372882, 1.01
69.83050847457626, 1.01
70.16949152542374, 1.01
70.50847457627118, 1.01
70.84745762711864, 1.01
71.1864406779661, 1.01
71.52542372881356, 1.01
71.86440677966101, 1.01
72.20338983050848, 1.01
72.54237288135593, 1.01
72.88135593220339, 1.01
73.22033898305085, 1.01
73.5593220338983, 1.01
73.89830508474576, 1.01
74.23728813559322, 1.01
74.57627118644068, 1.01
74.91525423728814, 1.01
75.2542372881356, 1.01
75.59322033898304, 1.01
75.9322033898305, 1.01
76.61016949152543, 1.01
76.27118644067797, 1.01
76.94915254237287, 1.01
77.28813559322035, 1.01
77.62711864406779, 1.01
77.96610169491525, 1.01
78.64406779661017, 1.01
78.98305084745762, 1.01
78.30508474576271, 1.01
79.3220338983051, 1.01
80.33898305084746, 1.01
80.0, 1.01
79.66101694915254, 1.01
80.67796610169492, 1.01
81.01694915254237, 1.01
81.35593220338984, 1.01
81.69491525423729, 1.01
82.03389830508473, 1.01
82.37288135593221, 1.01
82.71186440677965, 1.01
83.05084745762711, 1.01
83.38983050847457, 1.01
83.72881355932203, 1.01
84.06779661016948, 1.01
84.40677966101696, 1.01
84.7457627118644, 1.01
85.08474576271186, 1.01
85.42372881355932, 1.01
85.76271186440678, 1.01
86.10169491525423, 1.01
86.4406779661017, 1.01
85.33333333333334, 1.02
85.66666666666667, 1.02
86.0, 1.02
86.33333333333333, 1.02
86.66666666666667, 1.02
85.57377049180329, 1.04
85.90163934426229, 1.04
86.22950819672131, 1.04
86.55737704918033, 1.04
86.88524590163934, 1.04
85.80645161290322, 1.05
86.12903225806451, 1.05
86.45161290322581, 1.05
86.7741935483871, 1.05
87.09677419354838, 1.05
86.30573248407643, 1.07
86.62420382165605, 1.07
86.94267515923568, 1.07
87.26114649681529, 1.07
87.57961783439491, 1.07
86.52037617554859, 1.09
86.83385579937304, 1.09
87.14733542319749, 1.09
87.46081504702194, 1.09
87.7742946708464, 1.09
86.72839506172839, 1.1
87.03703703703704, 1.1
87.34567901234568, 1.1
87.65432098765432, 1.1
87.96296296296296, 1.1
86.93009118541033, 1.12
87.2340425531915, 1.12
87.53799392097264, 1.12
87.84194528875379, 1.12
88.14589665653494, 1.12
87.12574850299401, 1.13
87.42514970059881, 1.13
87.72455089820359, 1.14
88.02395209580838, 1.14
88.32335329341318, 1.14
88.62275449101796, 1.14
88.92215568862275, 1.14
87.90560471976401, 1.15
88.20058997050147, 1.15
88.49557522123894, 1.15
88.79056047197639, 1.15
89.08554572271386, 1.15
89.38053097345133, 1.15
89.67551622418878, 1.15
89.97050147492625, 1.15
90.2654867256637, 1.15
90.56047197640117, 1.15
90.85545722713864, 1.15
91.1504424778761, 1.15
91.44542772861357, 1.15
91.74041297935102, 1.16
91.76470588235294, 1.16
90.98837209302324, 1.16
91.27906976744185, 1.16
91.56976744186046, 1.17
91.86046511627907, 1.17
92.15116279069767, 1.17
92.44186046511628, 1.17
92.73255813953489, 1.17
91.69054441260745, 1.18
91.97707736389685, 1.18
92.26361031518626, 1.18
92.55014326647564, 1.18
92.83667621776505, 1.19
93.12320916905445, 1.19
93.40974212034384, 1.19
93.69627507163324, 1.19
93.98280802292264, 1.19
94.26934097421203, 1.19
94.55587392550143, 1.19
94.84240687679083, 1.19
94.85714285714286, 1.19
94.0677966101695, 1.2
94.35028248587571, 1.2
94.63276836158192, 1.2
94.91525423728814, 1.2
95.19774011299435, 1.2
95.48022598870057, 1.2
95.76271186440678, 1.2
96.045197740113, 1.2
96.32768361581921, 1.2
96.61016949152543, 1.2
96.89265536723164, 1.2
97.17514124293785, 1.2
97.45762711864407, 1.21
97.74011299435028, 1.21
97.47191011235955, 1.21
97.75280898876404, 1.21
97.21448467966573, 1.21
97.49303621169916, 1.22
97.7715877437326, 1.22
98.05013927576601, 1.22
98.32869080779945, 1.22
98.33333333333333, 1.23
97.52747252747253, 1.23
97.8021978021978, 1.23
98.07692307692307, 1.23
98.35164835164835, 1.23
98.62637362637363, 1.24
98.9010989010989, 1.24
98.9041095890411, 1.24
98.1029810298103, 1.24
98.3739837398374, 1.25
98.6449864498645, 1.25
98.91598915989161, 1.25
99.1869918699187, 1.25
99.45799457994579, 1.25
99.7289972899729, 1.25
100.0, 1.25
100.27100271002709, 1.25
100.54200542005421, 1.25
100.54054054054053, 1.26
100.8108108108108, 1.26
100.26809651474531, 1.26
100.26737967914438, 1.27
100.26666666666667, 1.28
99.47229551451187, 1.28
96.92307692307692, 1.33
97.17948717948718, 1.33
96.44670050761421, 1.34
95.48872180451127, 1.35
95.73934837092732, 1.35
95.98997493734336, 1.35
96.2406015037594, 1.36
96.00997506234414, 1.36
95.54455445544554, 1.36
95.79207920792079, 1.36
96.03960396039604, 1.37
93.96135265700482, 1.4
94.20289855072464, 1.4
94.44444444444444, 1.41
94.23076923076923, 1.41
94.47115384615384, 1.41
94.03341288782816, 1.41
94.27207637231504, 1.41
94.5107398568019, 1.42
94.74940334128878, 1.42
93.86792452830188, 1.43
94.10377358490565, 1.43
93.24009324009323, 1.45
93.47319347319348, 1.46
93.48837209302326, 1.46
93.72093023255815, 1.46
93.08755760368663, 1.47
92.25512528473804, 1.49
91.44144144144144, 1.5
91.66666666666666, 1.51
90.8685968819599, 1.51
91.0913140311804, 1.52
91.31403118040089, 1.52
90.52863436123349, 1.54
88.79310344827587, 1.57
88.05970149253731, 1.58
88.27292110874201, 1.59
88.4861407249467, 1.59
88.51063829787233, 1.59
87.05636743215031, 1.62
86.18556701030928, 1.65
86.21399176954732, 1.65
86.41975308641975, 1.65
85.22267206477733, 1.67
85.4251012145749, 1.68
84.76953907815631, 1.68
84.96993987975952, 1.69
84.32539682539682, 1.71
84.52380952380952, 1.71
84.55445544554455, 1.71
84.08644400785855, 1.72
83.30097087378641, 1.74
82.53358925143954, 1.76
81.93916349809885, 1.78
82.12927756653993, 1.78
81.08614232209737, 1.81
80.51948051948052, 1.82
80.70500927643785, 1.82
80.89053803339517, 1.82
81.07606679035251, 1.83
80.51470588235294, 1.84
80.69852941176471, 1.84
80.88235294117648, 1.84
80.32786885245902, 1.86
79.78339350180505, 1.88
79.96389891696751, 1.88
78.72340425531915, 1.91
78.90070921985816, 1.91
79.07801418439716, 1.91
79.25531914893617, 1.91
79.43262411347519, 1.91
79.60992907801419, 1.91
79.7872340425532, 1.91
79.9645390070922, 1.91
80.1418439716312, 1.91
80.31914893617021, 1.91
79.50963222416813, 1.93
79.26829268292683, 1.94
79.44250871080139, 1.94
79.61672473867596, 1.94
79.79094076655052, 1.94
79.96515679442508, 1.94
79.44732297063904, 1.96
79.62003454231433, 1.96
79.1095890410959, 1.97
79.28082191780823, 1.97
79.45205479452055, 1.97
78.94736842105263, 1.99
78.98305084745762, 2.0
78.61952861952862, 2.0
78.78787878787878, 2.0
78.95622895622895, 2.0
79.12457912457911, 2.0
79.29292929292929, 2.0
79.46127946127946, 2.0
79.62962962962963, 2.0
79.7979797979798, 2.0
79.96632996632997, 2.0
80.13468013468014, 2.0
80.3030303030303, 2.0
80.47138047138047, 2.0
80.63973063973064, 2.01
80.8080808080808, 2.01
80.97643097643098, 2.01
81.14478114478115, 2.01
81.31313131313132, 2.01
81.48148148148148, 2.01
80.96828046744574, 2.02
81.13522537562604, 2.02
81.30217028380635, 2.02
81.46911519198665, 2.02
81.63606010016694, 2.02
81.80300500834724, 2.03
81.29139072847681, 2.04
81.45695364238411, 2.04
81.62251655629139, 2.04
81.78807947019867, 2.04
81.95364238410596, 2.04
82.11920529801324, 2.04
81.60919540229885, 2.05
81.77339901477832, 2.06
81.9376026272578, 2.06
82.10180623973727, 2.06
81.59609120521174, 2.07
81.75895765472313, 2.07
81.92182410423453, 2.07
82.08469055374593, 2.07
82.24755700325733, 2.07
82.41042345276874, 2.08
82.57328990228014, 2.08
82.73615635179154, 2.08
82.89902280130293, 2.08
82.39095315024232, 2.09
82.55250403877221, 2.09
82.7140549273021, 2.09
82.87560581583199, 2.09
83.03715670436188, 2.09
83.19870759289176, 2.09
82.6923076923077, 2.1
82.8525641025641, 2.1
83.01282051282051, 2.1
83.17307692307693, 2.1
83.33333333333334, 2.11
83.49358974358975, 2.11
83.65384615384616, 2.11
83.14785373608903, 2.12
83.30683624801271, 2.12
83.46581875993641, 2.13
83.6248012718601, 2.13
83.78378378378379, 2.13
83.94276629570747, 2.13
83.57030015797788, 2.13
83.72827804107425, 2.14
83.88625592417061, 2.14
84.04423380726699, 2.14
84.20221169036336, 2.14
84.09448818897638, 2.15
84.25196850393701, 2.15
84.01253918495298, 2.15
84.1692789968652, 2.15
84.32601880877742, 2.15
84.48275862068965, 2.15
84.63949843260188, 2.15
84.79623824451411, 2.16
84.95297805642633, 2.16
84.44790046656298, 2.17
84.60342146189736, 2.17
84.75894245723173, 2.17
84.9144634525661, 2.17
85.06998444790047, 2.18
85.22550544323484, 2.18
85.38102643856921, 2.18
85.53654743390358, 2.18
85.42635658914729, 2.18
85.5813953488372, 2.18
85.3395061728395, 2.19
85.49382716049382, 2.19
85.64814814814815, 2.19
85.80246913580247, 2.19
85.9567901234568, 2.19
86.11111111111111, 2.2
86.26543209876543, 2.2
86.41975308641975, 2.2
86.4406779661017, 2.2
86.46153846153845, 2.2
86.61538461538461, 2.2
86.76923076923076, 2.2
86.92307692307692, 2.2
86.67687595712098, 2.2
86.83001531393569, 2.2
86.98315467075038, 2.2
87.13629402756509, 2.21
87.28943338437979, 2.21
87.4425727411945, 2.21
87.59571209800919, 2.21
87.74885145482389, 2.21
87.63358778625954, 2.22
87.78625954198473, 2.22
87.67123287671232, 2.22
87.8234398782344, 2.22
87.97564687975647, 2.23
88.12785388127854, 2.23
88.2800608828006, 2.23
88.1638846737481, 2.23
88.31562974203338, 2.23
88.46737481031866, 2.23
88.21752265861026, 2.23
88.36858006042296, 2.23
88.51963746223565, 2.24
88.67069486404834, 2.24
88.82175226586104, 2.24
88.97280966767372, 2.24
89.12386706948641, 2.25
89.00602409638554, 2.25
89.1566265060241, 2.25
89.30722891566265, 2.25
89.45783132530121, 2.25
89.60843373493977, 2.25
89.7590361445783, 2.25
89.90963855421687, 2.25
89.65517241379311, 2.25
89.80509745127436, 2.25
89.68609865470853, 2.27
89.43452380952381, 2.27
89.58333333333334, 2.27
89.06942392909897, 2.28
89.21713441654357, 2.29
89.36484490398819, 2.29
89.51255539143278, 2.29
89.00293255131965, 2.3
89.14956011730204, 2.31
89.29618768328446, 2.31
89.31185944363104, 2.31
89.067055393586, 2.32
89.21282798833819, 2.33
89.35860058309038, 2.33
89.24418604651163, 2.33
89.13043478260869, 2.34
89.27536231884058, 2.34
89.42028985507247, 2.34
89.56521739130436, 2.34
89.71014492753623, 2.35
89.85507246376811, 2.35
90.0, 2.35
90.14492753623189, 2.35
90.28985507246377, 2.35
90.43478260869566, 2.35
90.57971014492753, 2.35
90.33189033189034, 2.35
90.47619047619048, 2.36
90.48991354466858, 2.36
90.63400576368876, 2.36
90.64748201438849, 2.36
90.40114613180515, 2.37
90.54441260744986, 2.37
90.68767908309455, 2.37
90.83094555873924, 2.37
90.97421203438395, 2.38
90.72753209700429, 2.38
90.87018544935806, 2.38
90.75391180654339, 2.39
90.89615931721194, 2.4
91.03840682788051, 2.4
90.5367231638418, 2.4
90.67796610169492, 2.4
90.81920903954803, 2.41
90.96045197740112, 2.41
90.97320169252468, 2.41
91.11424541607899, 2.41
90.74333800841514, 2.42
90.8835904628331, 2.42
91.02384291725105, 2.42
91.164095371669, 2.43
91.04895104895104, 2.43
91.18881118881119, 2.43
90.94707520891365, 2.44
91.08635097493037, 2.44
91.22562674094708, 2.44
91.36490250696379, 2.44
91.5041782729805, 2.45
91.64345403899722, 2.45
91.65507649513212, 2.45
91.41274238227147, 2.45
91.55124653739612, 2.45
91.68975069252078, 2.46
91.82825484764543, 2.46
91.96675900277008, 2.46
92.10526315789474, 2.46
92.24376731301939, 2.46
92.38227146814404, 2.46
92.26519337016575, 2.47
92.14876033057851, 2.48
92.28650137741047, 2.48
91.79206566347469, 2.49
91.92886456908344, 2.49
91.81446111869032, 2.5
91.57608695652173, 2.5
91.71195652173914, 2.51
91.84782608695652, 2.51
91.9836956521739, 2.51
91.99457259158751, 2.51
92.00542005420054, 2.52
91.76788124156545, 2.53
91.65545087483177, 2.53
91.66666666666666, 2.53
91.5549597855228, 2.54
91.07856191744341, 2.56
91.21171770972038, 2.56
91.10225763612218, 2.57
91.23505976095618, 2.57
91.005291005291, 2.57
91.13756613756614, 2.58
91.02902374670184, 2.58
91.16094986807389, 2.58
90.93298291721419, 2.59
91.06438896189225, 2.59
91.19579500657031, 2.59
90.61277705345502, 2.62
90.27237354085604, 2.63
89.24455825864277, 2.66
89.37259923175415, 2.66
88.93129770992367, 2.67
89.05852417302799, 2.68
88.95939086294416, 2.68
89.08629441624365, 2.68
89.21319796954315, 2.68
89.00126422250317, 2.69
88.5678391959799, 2.71
88.69346733668341, 2.71
88.81909547738694, 2.71
88.94472361809045, 2.71
89.07035175879398, 2.71
89.19597989949749, 2.71
88.76404494382022, 2.72
88.88888888888889, 2.73
88.46153846153845, 2.74
88.03945745992601, 2.75
88.16276202219481, 2.76
87.21071863581, 2.79
87.33252131546894, 2.79
86.92493946731234, 2.81
86.5222623345367, 2.83
85.1063829787234, 2.88
84.72385428907168, 2.89
84.84136310223266, 2.89
84.46261682242991, 2.91
84.57943925233646, 2.91
84.69626168224299, 2.91
84.81308411214953, 2.91
84.73193473193473, 2.92
84.5528455284553, 2.93
84.5707656612529, 2.93
84.58864426419467, 2.93
84.41108545034642, 2.94
84.52655889145497, 2.94
84.64203233256352, 2.94
84.75750577367207, 2.94
84.8729792147806, 2.94
84.98845265588915, 2.95
84.61538461538461, 2.96
84.73019517795638, 2.96
84.3607305936073, 2.97
83.99545970488082, 2.99
84.10896708286039, 3.0
84.0317100792752, 3.0
84.0497737556561, 3.0
84.16289592760181, 3.0
84.27601809954751, 3.0
84.19864559819413, 3.0
84.31151241534988, 3.0
84.42437923250564, 3.0
84.53724604966139, 3.0
84.65011286681715, 3.0
84.76297968397292, 3.0
84.87584650112868, 3.01
84.98871331828443, 3.01
85.10158013544017, 3.01
85.21444695259594, 3.02
85.03937007874016, 3.02
85.15185601799774, 3.02
85.0729517396184, 3.02
85.18518518518519, 3.03
85.29741863075196, 3.03
85.40965207631874, 3.03
85.23489932885906, 3.04
85.34675615212528, 3.04
85.26785714285714, 3.04
85.37946428571429, 3.04
85.49107142857143, 3.04
85.31701890989989, 3.05
85.23862375138734, 3.06
85.06637168141593, 3.07
84.98896247240619, 3.07
85.09933774834437, 3.07
85.20971302428256, 3.08
85.32008830022076, 3.08
85.24229074889867, 3.09
85.25852585258525, 3.09
85.36853685368537, 3.09
85.47854785478548, 3.09
85.5885588558856, 3.09
85.51042810098792, 3.09
85.62019758507134, 3.1
85.72996706915478, 3.1
85.8397365532382, 3.1
85.66739606126916, 3.1
85.77680525164114, 3.1
85.69868995633188, 3.11
85.52774755168662, 3.12
85.63656147986943, 3.12
85.55917480998914, 3.13
85.66775244299674, 3.13
85.77633007600434, 3.13
85.60606060606061, 3.14
85.52915766738661, 3.14
85.63714902807776, 3.15
85.65264293419634, 3.15
85.39205155746508, 3.16
85.22483940042827, 3.17
85.14957264957265, 3.17
85.25641025641025, 3.17
85.36324786324786, 3.17
85.47008547008546, 3.18
85.57692307692307, 3.18
85.68376068376068, 3.18
85.60767590618337, 3.19
85.44102019128587, 3.19
85.54729011689692, 3.19
85.65356004250798, 3.19
85.75982996811902, 3.19
85.86609989373008, 3.2
85.97236981934113, 3.2
86.07863974495218, 3.2
86.00212089077412, 3.2
85.83509513742071, 3.2
85.94080338266384, 3.2
86.04651162790698, 3.21
86.1522198731501, 3.21
86.25792811839324, 3.22
86.36363636363636, 3.22
86.4693446088795, 3.22
86.57505285412263, 3.22
86.68076109936575, 3.22
86.33017875920083, 3.22
86.43533123028391, 3.23
86.54048370136698, 3.23
86.46379853095489, 3.23
86.56873032528857, 3.24
86.58280922431865, 3.24
86.68763102725366, 3.24
86.79245283018868, 3.24
86.71548117154812, 3.25
86.82008368200836, 3.25
86.74321503131523, 3.25
86.75703858185611, 3.25
86.50051921079958, 3.27
86.6043613707165, 3.27
86.43892339544513, 3.28
86.45294725956568, 3.28
86.46694214876032, 3.29
86.57024793388429, 3.29
86.40576725025747, 3.29
86.50875386199795, 3.29
86.43371017471738, 3.3
86.53648509763617, 3.3
86.55030800821355, 3.3
86.47540983606558, 3.31
86.57786885245902, 3.31
86.68032786885246, 3.31
86.7827868852459, 3.32
86.79631525076765, 3.32
86.89866939611053, 3.32
86.64627930682977, 3.32
86.74821610601427, 3.32
86.85015290519877, 3.33
86.95208970438328, 3.33
87.05402650356778, 3.33
87.06720977596741, 3.33
86.90355329949239, 3.34
87.00507614213197, 3.34
87.10659898477158, 3.35
87.20812182741116, 3.35
87.30964467005076, 3.35
87.2340425531915, 3.35
87.07070707070706, 3.36
87.17171717171716, 3.36
87.27272727272727, 3.36
87.37373737373737, 3.36
87.47474747474747, 3.36
87.57575757575758, 3.36
87.5882946518668, 3.37
87.6008064516129, 3.37
87.61329305135952, 3.37
87.53768844221106, 3.38
87.55020080321285, 3.38
87.65060240963855, 3.38
87.5751503006012, 3.39
87.5, 3.4
87.6, 3.4
87.61238761238761, 3.4
87.71228771228772, 3.4
87.81218781218782, 3.4
87.56218905472637, 3.41
87.57455268389663, 3.42
87.5, 3.42
87.42574257425743, 3.42
87.52475247524752, 3.43
87.62376237623762, 3.43
87.72277227722772, 3.43
87.82178217821782, 3.43
87.74703557312253, 3.44
87.84584980237155, 3.44
87.857847976308, 3.44
87.95656465942744, 3.44
87.88177339901478, 3.44
87.98029556650246, 3.44
88.07881773399015, 3.45
88.17733990147784, 3.45
88.27586206896552, 3.45
88.28740157480314, 3.45
88.38582677165354, 3.45
88.39724680432644, 3.45
88.49557522123894, 3.45
88.59390363815143, 3.45
88.4313725490196, 3.46
88.52941176470588, 3.47
88.54064642507346, 3.47
88.63858961802154, 3.47
88.64970645792563, 3.47
88.48780487804878, 3.48
88.4990253411306, 3.49
88.51022395326193, 3.49
88.60759493670885, 3.49
88.61867704280155, 3.49
88.54368932038835, 3.49
88.64077669902912, 3.5
88.7378640776699, 3.5
88.66279069767442, 3.5
88.75968992248062, 3.5
88.77057115198451, 3.51
88.8673765730881, 3.51
88.79227053140096, 3.51
88.88888888888889, 3.51
88.98550724637681, 3.52
89.08212560386474, 3.52
89.17874396135265, 3.52
89.01734104046243, 3.52
89.11368015414259, 3.52
89.03846153846153, 3.53
89.13461538461539, 3.53
89.23076923076924, 3.53
89.32692307692308, 3.53
89.42307692307693, 3.53
89.43323727185398, 3.53
89.44337811900192, 3.54
89.53934740882917, 3.54
89.54937679769894, 3.54
89.64525407478428, 3.54
89.56937799043062, 3.54
89.66507177033492, 3.55
89.76076555023923, 3.55
89.85645933014355, 3.55
89.95215311004785, 3.55
89.87583572110793, 3.55
89.71428571428571, 3.56
89.80952380952381, 3.57
89.90476190476191, 3.57
89.91436726926736, 3.57
90.00951474785919, 3.57
90.0190114068441, 3.57
89.85781990521326, 3.58
89.86742424242425, 3.59
89.87701040681173, 3.59
89.88657844990549, 3.59
89.81132075471699, 3.59
89.90566037735849, 3.59
90.0, 3.6
90.09433962264151, 3.6
89.76525821596243, 3.61
89.43925233644859, 3.63
89.44911297852475, 3.64
89.54248366013073, 3.64
89.55223880597015, 3.64
89.47858472998138, 3.65
89.1566265060241, 3.66
89.24930491195552, 3.66
89.25925925925927, 3.67
89.26919518963923, 3.67
89.36170212765957, 3.67
89.12442396313364, 3.69
88.88888888888889, 3.69
88.98071625344353, 3.69
89.07254361799816, 3.7
89.1643709825528, 3.7
89.01098901098901, 3.71
89.1025641025641, 3.71
89.1941391941392, 3.71
89.12248628884826, 3.71
89.21389396709324, 3.71
89.3053016453382, 3.71
89.39670932358318, 3.71
89.48811700182814, 3.71
89.49771689497716, 3.72
89.50729927007299, 3.72
89.59854014598541, 3.72
89.4449499545041, 3.74
89.13043478260869, 3.74
89.22101449275362, 3.75
89.31159420289855, 3.75
89.3212669683258, 3.75
89.33092224231464, 3.75
89.3405600722674, 3.76
89.26961226330027, 3.76
89.35978358881876, 3.76
89.44995491433724, 3.77
89.13824057450628, 3.78
89.22800718132855, 3.78
89.31777378815082, 3.78
89.00804289544236, 3.79
89.09740840035745, 3.79
89.18677390527256, 3.8
89.27613941018767, 3.8
89.36550491510276, 3.8
89.05693950177937, 3.81
89.1459074733096, 3.81
88.83968113374667, 3.83
88.7709991158267, 3.84
88.85941644562334, 3.84
88.55633802816901, 3.85
88.56640281442392, 3.86
88.49868305531167, 3.87
88.1993006993007, 3.89
87.90252393385552, 3.89
87.98955613577023, 3.89
87.92354474370113, 3.91
87.78162911611786, 3.91
87.8682842287695, 3.91
87.95493934142115, 3.91
87.88927335640139, 3.92
87.74805867126834, 3.93
87.83433994823123, 3.93
87.92062122519413, 3.93
87.85529715762273, 3.94
87.94142980189493, 3.94
88.0275624461671, 3.94
88.03786574870912, 3.94
88.12392426850259, 3.94
88.20998278829603, 3.94
87.76732249786143, 3.96
87.70281810418446, 3.97
87.78821520068317, 3.97
87.8736122971819, 3.97
87.73424190800682, 3.98
87.67006802721087, 3.99
87.68054375531011, 3.99
87.61662425784563, 4.0
87.70144189991518, 4.0
87.63759525825571, 4.01
87.72226926333616, 4.01
87.80694326841659, 4.01
87.66891891891892, 4.01
87.75337837837837, 4.01
87.83783783783784, 4.02
87.9222972972973, 4.02
87.85834738617201, 4.02
87.72077375946174, 4.03
87.8048780487805, 4.03
87.88898233809924, 4.03
87.8253568429891, 4.04
87.90931989924434, 4.04
87.91946308724832, 4.04
87.78242677824267, 4.05
87.79264214046822, 4.05
87.876254180602, 4.05
87.95986622073578, 4.05
87.67693588676103, 4.07
87.76019983347211, 4.07
87.62458471760797, 4.08
87.70764119601328, 4.08
87.79069767441861, 4.09
87.87375415282392, 4.09
87.81094527363184, 4.09
87.89386401326699, 4.09
87.97678275290217, 4.09
87.986743993372, 4.09
87.92390405293631, 4.09
88.0066170388751, 4.1
88.08933002481389, 4.1
88.17204301075269, 4.1
88.10900082576383, 4.11
87.97364085667215, 4.11
88.05601317957166, 4.12
88.13838550247117, 4.12
88.07565789473685, 4.12
88.1578947368421, 4.12
88.24013157894737, 4.12
88.10500410172273, 4.13
88.1870385561936, 4.13
88.12448812448812, 4.14
87.99019607843137, 4.15
87.92822185970635, 4.16
87.79495524816925, 4.17
87.87632221318145, 4.17
87.45954692556634, 4.19
87.54045307443366, 4.19
87.55052546483427, 4.19
87.63136620856912, 4.19
87.57062146892656, 4.2
87.65133171912834, 4.2
87.73204196933011, 4.2
87.67123287671232, 4.21
87.54019292604501, 4.22
87.62057877813506, 4.22
87.70096463022507, 4.22
87.78135048231512, 4.22
87.7207062600321, 4.22
87.80096308186197, 4.22
87.88121990369181, 4.22
87.7502001601281, 4.23
87.8302642113691, 4.23
87.9103282626101, 4.24
87.84972022382095, 4.24
87.37092930897538, 4.27
87.24247226624405, 4.28
87.18354430379746, 4.28
87.2626582278481, 4.28
87.34177215189874, 4.28
87.42088607594937, 4.28
87.5, 4.29
87.57911392405063, 4.29
87.51974723538704, 4.29
87.59873617693523, 4.29
87.60852407261247, 4.29
87.68745067087609, 4.29
87.6280535855004, 4.3
87.70685579196218, 4.3
87.78565799842396, 4.3
87.86446020488575, 4.3
87.8048780487805, 4.3
87.67660910518053, 4.31
87.75510204081633, 4.32
87.6959247648903, 4.32
87.7742946708464, 4.32
87.85266457680251, 4.32
87.93103448275862, 4.32
87.80297107114934, 4.33
87.743950039032, 4.34
87.82201405152225, 4.34
87.83151326053043, 4.34
87.77258566978193, 4.35
87.85046728971963, 4.35
87.72338772338773, 4.36
87.66485647788984, 4.36
87.74243599689682, 4.36
87.8200155159038, 4.36
87.89759503491078, 4.37
87.97517455391777, 4.37
87.71251931993818, 4.38
87.78979907264298, 4.38
87.52886836027713, 4.4
87.60585065434951, 4.4
87.54803996925442, 4.41
87.42331288343557, 4.41
87.5, 4.42
87.57668711656443, 4.42
87.51914241960183, 4.42
87.39495798319328, 4.43
87.47135217723454, 4.43
87.54774637127578, 4.43
87.49046529366895, 4.44
87.56674294431731, 4.44
87.57621951219512, 4.44
87.51902587519027, 4.45
87.5951293759513, 4.45
87.67123287671232, 4.45
87.74733637747336, 4.45
87.68996960486322, 4.46
87.56633813495071, 4.47
87.64215314632298, 4.47
87.38670694864048, 4.48
87.46223564954683, 4.49
87.53776435045317, 4.49
87.61329305135952, 4.49
87.55656108597285, 4.49
87.63197586726999, 4.49
87.50940556809631, 4.5
87.58465011286681, 4.5
87.65989465763731, 4.5
87.60330578512396, 4.51
87.67843726521413, 4.51
87.68768768768768, 4.51
87.6311844077961, 4.51
87.70614692653673, 4.52
87.6497005988024, 4.52
87.65893792071803, 4.53
87.73373223635004, 4.53
87.80852655198204, 4.53
87.75205377147125, 4.53
87.82673637042569, 4.53
87.90141896938013, 4.54
87.97610156833457, 4.54
87.91946308724832, 4.54
87.99403430275913, 4.54
88.06860551826995, 4.54
88.07749627421758, 4.54
88.15201192250373, 4.54
88.09523809523809, 4.55
88.16964285714286, 4.55
88.11292719167905, 4.56
88.18722139673105, 4.56
88.26151560178306, 4.56
88.2702301410542, 4.56
88.21349147516679, 4.57
88.28762045959971, 4.57
88.23094004441154, 4.57
88.2396449704142, 4.58
88.18316100443131, 4.58
88.25701624815362, 4.59
88.33087149187593, 4.59
88.27433628318585, 4.59
88.34808259587021, 4.59
88.42182890855457, 4.59
88.30022075055187, 4.6
88.37380426784401, 4.6
88.44738778513613, 4.6
88.19648093841643, 4.62
88.14055636896046, 4.62
88.21376281112738, 4.62
88.22238478419897, 4.63
88.16654492330169, 4.63
88.23959094229365, 4.63
88.3126369612856, 4.64
88.38568298027758, 4.64
88.26530612244898, 4.64
88.33819241982506, 4.65
88.28238719068413, 4.65
88.35516739446871, 4.65
88.42794759825327, 4.65
88.37209302325581, 4.66
88.44476744186046, 4.66
88.45315904139433, 4.66
88.52578068264343, 4.66
88.46990572878897, 4.67
88.5424220449601, 4.67
88.61493836113125, 4.67
88.68745467730238, 4.67
88.5672937771346, 4.68
88.51156069364163, 4.68
88.58381502890174, 4.69
88.65606936416185, 4.69
88.72832369942196, 4.69
88.80057803468208, 4.69
88.74458874458875, 4.69
88.81673881673882, 4.69
88.82480173035327, 4.69
88.89689978370583, 4.69
88.84089272858171, 4.7
88.91288696904248, 4.7
88.85693745506829, 4.71
88.92882818116463, 4.71
89.00071890726096, 4.71
89.00862068965517, 4.71
89.08045977011494, 4.71
89.02439024390245, 4.71
89.0961262553802, 4.71
89.16786226685797, 4.72
89.11174785100286, 4.72
89.11954187544738, 4.73
88.93647394718059, 4.74
89.00785153461813, 4.74
89.01569186875892, 4.74
88.96011396011396, 4.75
89.03133903133903, 4.75
89.1025641025641, 4.75
89.04694167852062, 4.76
89.05472636815921, 4.76
88.99929027679205, 4.77
88.94401133947555, 4.78
88.95184135977338, 4.78
89.02266288951841, 4.78
88.96746817538896, 4.78
88.91242937853107, 4.79
88.98305084745762, 4.79
88.9908256880734, 4.79
89.06139731827805, 4.8
89.00634249471459, 4.8
88.95144264602392, 4.81
89.02181562280084, 4.81
89.09218859957775, 4.81
89.09985935302392, 4.81
89.04494382022472, 4.82
88.99018232819074, 4.82
89.06030855539971, 4.82
89.13043478260869, 4.83
89.01329601119664, 4.84
88.77266387726638, 4.85
88.8423988842399, 4.85
88.91213389121339, 4.86
88.6726893676164, 4.87
88.61901457321305, 4.87
88.50415512465374, 4.88
88.57340720221607, 4.89
88.64265927977839, 4.89
88.71191135734072, 4.89
88.59709744298549, 4.89
88.66620594333104, 4.89
88.73531444367657, 4.9
88.49862258953168, 4.91
88.56749311294766, 4.91
88.63636363636364, 4.91
88.40082361015786, 4.93
88.46945778997942, 4.93
88.53809196980096, 4.93
88.48526387936944, 4.94
88.55380397532556, 4.94
88.50102669404517, 4.94
88.50889192886456, 4.94
88.15520762423418, 4.96
88.22328114363512, 4.97
88.17131203263087, 4.98
88.17934782608695, 4.98
88.12754409769336, 4.98
88.19538670284939, 4.99
88.26322930800544, 4.99
88.33107191316147, 4.99
requests, 1479
errors, 1302
