0.5, 0.67
0.9523809523809524, 0.71
1.4285714285714286, 0.71
1.9047619047619049, 0.71
2.3255813953488373, 0.73
2.7906976744186047, 0.73
3.255813953488372, 0.73
3.7209302325581395, 0.73
4.186046511627907, 0.73
4.651162790697675, 0.73
5.116279069767442, 0.73
5.5813953488372094, 0.73
5.909090909090909, 0.75
6.363636363636363, 0.75
6.8181818181818175, 0.75
7.2727272727272725, 0.75
7.727272727272727, 0.75
8.181818181818182, 0.75
8.636363636363637, 0.75
9.090909090909092, 0.75
9.545454545454547, 0.75
10.0, 0.75
10.454545454545453, 0.75
10.909090909090908, 0.75
10.869565217391305, 0.78
11.304347826086957, 0.78
11.73913043478261, 0.78
12.173913043478262, 0.78
12.608695652173912, 0.78
13.043478260869565, 0.78
13.478260869565217, 0.78
13.91304347826087, 0.78
14.347826086956522, 0.78
14.782608695652174, 0.78
15.217391304347828, 0.78
15.319148936170212, 0.79
15.74468085106383, 0.79
16.170212765957448, 0.79
17.02127659574468, 0.79
16.595744680851062, 0.79
17.4468085106383, 0.79
17.872340425531917, 0.79
18.29787234042553, 0.79
18.72340425531915, 0.79
18.75, 0.81
19.166666666666668, 0.81
19.583333333333332, 0.81
20.0, 0.81
20.416666666666668, 0.81
20.833333333333336, 0.81
21.25, 0.81
21.666666666666668, 0.81
21.63265306122449, 0.83
22.040816326530614, 0.83
22.448979591836736, 0.83
22.857142857142858, 0.83
23.26530612244898, 0.83
23.6734693877551, 0.83
24.081632653061224, 0.83
23.52941176470588, 0.86
23.46153846153846, 0.87
23.846153846153847, 0.87
24.23076923076923, 0.87
24.615384615384617, 0.87
25.0, 0.87
24.90566037735849, 0.89
24.814814814814813, 0.91
25.185185185185183, 0.91
25.555555555555554, 0.91
25.925925925925924, 0.91
26.296296296296294, 0.91
26.666666666666668, 0.91
27.037037037037038, 0.91
26.90909090909091, 0.94
27.27272727272727, 0.94
27.636363636363637, 0.94
28.000000000000004, 0.94
27.857142857142858, 0.95
28.214285714285715, 0.95
28.57142857142857, 0.95
28.92857142857143, 0.95
29.28571428571429, 0.95
29.642857142857142, 0.95
30.0, 0.95
30.357142857142854, 0.95
30.49645390070922, 0.95
30.742049469964666, 0.95
31.09540636042403, 0.95
30.689655172413794, 0.97
31.03448275862069, 0.97
31.379310344827587, 0.97
31.724137931034484, 0.97
31.52542372881356, 0.99
31.864406779661014, 0.99
32.20338983050847, 0.99
32.54237288135593, 0.99
32.88135593220339, 0.99
33.220338983050844, 1.0
33.559322033898304, 1.02
33.89830508474576, 1.02
34.23728813559322, 1.02
34.57627118644068, 1.02
34.91525423728813, 1.02
34.66666666666667, 1.04
35.0, 1.04
35.333333333333336, 1.04
35.66666666666667, 1.04
36.0, 1.04
35.73770491803279, 1.05
36.0655737704918, 1.05
36.39344262295082, 1.05
36.721311475409834, 1.05
37.049180327868854, 1.05
36.774193548387096, 1.07
37.096774193548384, 1.07
37.41935483870968, 1.07
38.064516129032256, 1.07
37.74193548387097, 1.07
37.77777777777778, 1.09
38.095238095238095, 1.09
38.41269841269842, 1.09
38.730158730158735, 1.09
39.04761904761905, 1.09
38.75, 1.1
39.0625, 1.1
39.375, 1.1
39.6875, 1.1
40.0, 1.1
39.69230769230769, 1.12
40.0, 1.12
40.30769230769231, 1.12
40.61538461538461, 1.12
40.92307692307692, 1.12
41.23076923076923, 1.12
41.53846153846154, 1.12
41.21212121212121, 1.12
41.515151515151516, 1.13
41.81818181818181, 1.13
42.12121212121212, 1.13
42.42424242424242, 1.13
42.72727272727273, 1.13
43.03030303030303, 1.13
43.333333333333336, 1.14
43.63636363636363, 1.14
43.93939393939394, 1.14
44.24242424242424, 1.14
44.54545454545455, 1.14
44.84848484848485, 1.14
45.151515151515156, 1.14
45.45454545454545, 1.14
45.75757575757576, 1.14
45.37313432835821, 1.15
45.67164179104478, 1.15
45.97014925373134, 1.15
46.26865671641791, 1.15
46.56716417910447, 1.15
46.865671641791046, 1.15
47.16417910447761, 1.15
47.462686567164184, 1.15
47.76119402985074, 1.15
48.059701492537314, 1.15
48.35820895522388, 1.15
48.656716417910445, 1.15
48.95522388059702, 1.15
49.25373134328358, 1.15
49.55223880597015, 1.15
49.11764705882353, 1.16
49.411764705882355, 1.16
49.705882352941174, 1.16
50.0, 1.16
50.294117647058826, 1.16
50.588235294117645, 1.16
50.882352941176464, 1.16
51.17647058823529, 1.16
51.470588235294116, 1.16
51.76470588235295, 1.16
52.05882352941177, 1.16
52.352941176470594, 1.16
52.64705882352941, 1.16
52.94117647058824, 1.16
53.23529411764706, 1.16
53.529411764705884, 1.16
53.8235294117647, 1.17
54.11764705882353, 1.17
54.41176470588235, 1.17
54.70588235294118, 1.17
55.00000000000001, 1.17
54.492753623188406, 1.19
54.78260869565217, 1.19
55.072463768115945, 1.19
55.362318840579704, 1.19
55.65217391304348, 1.19
55.14285714285714, 1.19
55.42857142857143, 1.2
55.714285714285715, 1.2
56.00000000000001, 1.2
56.285714285714285, 1.2
56.57142857142857, 1.2
56.85714285714286, 1.2
56.33802816901409, 1.22
56.61971830985916, 1.22
56.901408450704224, 1.22
57.183098591549296, 1.22
57.46478873239437, 1.22
56.16438356164384, 1.25
56.43835616438356, 1.25
55.945945945945944, 1.26
56.21621621621622, 1.26
55.733333333333334, 1.29
56.00000000000001, 1.29
54.8051948051948, 1.31
55.064935064935064, 1.32
55.32467532467532, 1.32
54.177215189873415, 1.34
53.75, 1.36
53.333333333333336, 1.38
52.926829268292686, 1.4
53.170731707317074, 1.4
52.77108433734939, 1.42
52.38095238095239, 1.44
52.61904761904762, 1.44
52.23529411764706, 1.45
52.470588235294116, 1.46
51.49425287356322, 1.48
51.724137931034484, 1.48
51.95402298850574, 1.48
49.89010989010989, 1.55
49.56521739130435, 1.56
49.78260869565217, 1.56
48.93617021276596, 1.59
49.148936170212764, 1.59
49.361702127659576, 1.59
48.541666666666664, 1.64
48.24742268041237, 1.65
47.95918367346938, 1.67
48.16326530612245, 1.67
48.36734693877551, 1.67
48.57142857142857, 1.67
48.282828282828284, 1.67
47.05882352941176, 1.73
47.25490196078431, 1.73
47.45098039215686, 1.73
47.647058823529406, 1.73
47.84313725490196, 1.73
48.03921568627451, 1.73
48.23529411764706, 1.73
48.431372549019606, 1.73
48.627450980392155, 1.73
48.349514563106794, 1.75
48.54368932038835, 1.75
48.737864077669904, 1.75
48.932038834951456, 1.75
49.12621359223301, 1.75
49.70873786407767, 1.75
49.51456310679612, 1.75
49.90291262135923, 1.75
49.320388349514566, 1.75
50.09708737864078, 1.75
50.29126213592233, 1.75
50.48543689320388, 1.75
49.714285714285715, 1.78
49.904761904761905, 1.78
50.095238095238095, 1.78
50.28571428571429, 1.78
50.476190476190474, 1.78
50.66666666666667, 1.78
50.857142857142854, 1.78
51.04761904761905, 1.78
51.23809523809524, 1.78
51.42857142857142, 1.78
51.61904761904762, 1.78
51.320754716981135, 1.79
51.509433962264154, 1.79
51.698113207547166, 1.79
51.886792452830186, 1.79
52.075471698113205, 1.79
52.264150943396224, 1.79
52.45283018867924, 1.79
52.64150943396226, 1.79
52.83018867924528, 1.79
52.523364485981304, 1.81
52.22222222222223, 1.83
52.407407407407405, 1.83
52.59259259259259, 1.83
52.77777777777778, 1.83
52.96296296296297, 1.83
53.148148148148145, 1.83
53.333333333333336, 1.83
52.833638025594155, 1.86
52.72727272727272, 1.87
52.43243243243243, 1.87
52.61261261261261, 1.87
52.792792792792795, 1.87
52.972972972972975, 1.87
53.153153153153156, 1.87
53.333333333333336, 1.88
53.51351351351351, 1.88
53.214285714285715, 1.89
53.39285714285714, 1.9
53.09734513274337, 1.91
53.27433628318584, 1.91
53.451327433628315, 1.91
53.6283185840708, 1.91
53.80530973451327, 1.91
53.98230088495575, 1.91
54.15929203539823, 1.91
53.85964912280702, 1.94
54.03508771929825, 1.94
54.21052631578947, 1.94
53.44827586206896, 1.97
53.62068965517241, 1.97
53.79310344827586, 1.97
53.96551724137931, 1.97
53.22033898305085, 1.99
53.38983050847458, 1.99
53.559322033898304, 1.99
53.72881355932203, 1.99
53.898305084745765, 1.99
54.067796610169495, 2.0
54.23728813559322, 2.0
54.40677966101695, 2.0
54.57627118644067, 2.0
54.74576271186441, 2.0
54.91525423728814, 2.0
55.08474576271186, 2.0
55.254237288135585, 2.0
54.957983193277315, 2.02
55.12605042016807, 2.02
55.294117647058826, 2.02
55.46218487394958, 2.02
55.166666666666664, 2.04
55.333333333333336, 2.04
55.50000000000001, 2.04
55.666666666666664, 2.04
55.371900826446286, 2.05
55.53719008264463, 2.05
55.70247933884298, 2.05
55.867768595041326, 2.05
56.03305785123966, 2.05
54.83870967741935, 2.09
55.00000000000001, 2.1
54.72, 2.12
54.879999999999995, 2.12
55.04, 2.12
55.2, 2.12
55.36, 2.12
55.52, 2.12
55.23809523809524, 2.13
55.3968253968254, 2.13
55.55555555555556, 2.13
55.714285714285715, 2.13
55.87301587301587, 2.13
55.59055118110236, 2.15
55.748031496062985, 2.15
55.90551181102362, 2.15
56.06299212598426, 2.15
56.22047244094488, 2.15
56.37795275590551, 2.15
56.535433070866134, 2.15
56.69291338582677, 2.15
56.85039370078741, 2.16
57.00787401574803, 2.16
57.16535433070866, 2.16
57.322834645669296, 2.16
57.48031496062992, 2.16
57.637795275590555, 2.16
57.79527559055118, 2.16
57.77080062794349, 2.16
57.927786499215074, 2.16
58.08477237048666, 2.16
58.24175824175825, 2.16
58.398744113029835, 2.16
58.55572998430141, 2.16
58.712715855572995, 2.16
58.86970172684458, 2.16
59.02668759811617, 2.16
58.72274143302181, 2.18
58.87850467289719, 2.19
59.034267912772584, 2.19
59.19003115264797, 2.19
59.345794392523366, 2.19
59.50155763239875, 2.19
59.65732087227414, 2.19
59.35085007727975, 2.19
59.50540958268934, 2.2
59.65996908809892, 2.21
59.8145285935085, 2.21
59.60061443932412, 2.22
59.29878048780488, 2.23
59.001512859304086, 2.24
59.152798789712556, 2.25
59.30408472012103, 2.25
59.4553706505295, 2.25
59.60665658093798, 2.26
59.75794251134644, 2.26
59.45945945945946, 2.26
59.60960960960961, 2.26
59.40298507462687, 2.28
59.55223880597015, 2.29
59.25925925925925, 2.31
58.970588235294116, 2.31
59.11764705882353, 2.31
59.26470588235294, 2.31
59.411764705882355, 2.32
59.55882352941176, 2.32
59.705882352941174, 2.32
59.85294117647059, 2.32
60.0, 2.32
60.147058823529406, 2.32
59.854014598540154, 2.33
60.0, 2.33
60.14598540145985, 2.33
60.29197080291971, 2.33
60.43795620437956, 2.34
60.58394160583942, 2.34
60.72992700729927, 2.34
60.87591240875913, 2.34
60.57971014492753, 2.34
60.28776978417266, 2.36
60.431654676258994, 2.36
60.57553956834533, 2.36
60.71942446043166, 2.36
60.86330935251798, 2.37
60.57142857142858, 2.38
60.71428571428571, 2.38
60.42553191489362, 2.39
60.56737588652482, 2.4
60.709219858156025, 2.4
59.583333333333336, 2.45
58.9041095890411, 2.48
59.04109589041096, 2.48
59.178082191780824, 2.48
59.31506849315068, 2.48
57.86666666666667, 2.55
57.99999999999999, 2.55
57.74834437086093, 2.56
57.88079470198676, 2.56
58.01324503311258, 2.57
58.145695364238414, 2.57
57.89473684210527, 2.58
57.647058823529406, 2.59
57.77777777777777, 2.59
57.90849673202615, 2.59
57.29032258064516, 2.63
57.41935483870968, 2.64
56.81528662420382, 2.67
56.94267515923567, 2.67
57.07006369426752, 2.67
57.19745222929936, 2.67
55.970149253731336, 2.73
56.09452736318408, 2.73
56.21890547263681, 2.73
56.343283582089555, 2.73
56.46766169154229, 2.73
56.59203980099502, 2.73
56.71641791044776, 2.73
56.840796019900495, 2.73
56.96517412935324, 2.73
56.736711990111246, 2.75
56.86032138442522, 2.75
56.983930778739186, 2.75
57.10754017305315, 2.75
57.231149567367126, 2.75
57.354758961681085, 2.75
57.47836835599506, 2.75
57.60197775030902, 2.75
57.72558714462299, 2.75
57.849196538936965, 2.75
57.972805933250925, 2.75
58.0964153275649, 2.75
57.86240786240786, 2.77
57.631257631257625, 2.78
57.75335775335775, 2.78
57.87545787545788, 2.78
57.997557997558005, 2.78
58.119658119658126, 2.78
58.24175824175825, 2.78
58.36385836385837, 2.78
58.48595848595849, 2.78
58.60805860805861, 2.78
58.730158730158735, 2.78
58.852258852258856, 2.78
58.97435897435898, 2.79
59.0964590964591, 2.79
58.859223300970875, 2.79
58.98058252427184, 2.79
59.101941747572816, 2.79
59.22330097087378, 2.79
59.34466019417476, 2.79
59.46601941747572, 2.79
59.5873786407767, 2.79
59.70873786407766, 2.79
59.83009708737864, 2.79
59.95145631067961, 2.81
60.07281553398058, 2.81
59.83112183353438, 2.81
59.95174909529554, 2.82
60.07237635705669, 2.82
59.832134292565954, 2.84
59.95203836930456, 2.84
59.713945172824786, 2.85
59.833134684147794, 2.85
59.952324195470794, 2.85
59.71563981042654, 2.87
59.834123222748815, 2.87
59.95260663507109, 2.87
60.07109004739336, 2.87
60.18957345971564, 2.87
60.308056872037916, 2.87
60.426540284360186, 2.87
60.54502369668246, 2.87
60.30624263839811, 2.88
60.42402826855123, 2.88
60.541813898704355, 2.89
60.65959952885748, 2.89
60.421545667447305, 2.9
60.53864168618267, 2.9
60.30267753201397, 2.91
60.41909196740396, 2.91
60.53550640279395, 2.91
60.65192083818394, 2.91
60.768335273573925, 2.91
60.884749708963916, 2.91
61.0011641443539, 2.91
61.11757857974389, 2.91
61.23399301513388, 2.91
61.35040745052387, 2.92
61.46682188591386, 2.92
61.22685185185185, 2.94
61.342592592592595, 2.94
61.458333333333336, 2.94
60.86956521739131, 2.97
60.637087599544934, 2.99
60.75085324232082, 2.99
60.8646188850967, 2.99
60.978384527872585, 2.99
61.092150170648466, 2.99
60.85972850678733, 3.0
60.97285067873304, 3.0
61.085972850678736, 3.0
61.19909502262444, 3.0
61.31221719457014, 3.0
61.42533936651584, 3.0
61.53846153846154, 3.0
61.651583710407245, 3.0
61.76470588235294, 3.01
61.87782805429865, 3.01
61.990950226244344, 3.01
62.10407239819005, 3.01
62.217194570135746, 3.01
61.97975253093363, 3.02
61.74496644295302, 3.03
61.85682326621924, 3.04
61.62402669632926, 3.05
61.73526140155728, 3.05
61.846496106785324, 3.05
61.957730812013345, 3.06
62.06896551724138, 3.06
61.496149614961496, 3.09
61.2691466083151, 3.09
61.37855579868708, 3.1
61.48796498905909, 3.11
60.930735930735935, 3.13
61.038961038961034, 3.13
61.14718614718615, 3.13
61.25541125541125, 3.13
61.36363636363637, 3.13
61.471861471861466, 3.14
61.58008658008658, 3.14
61.35629709364908, 3.15
61.46393972012917, 3.15
61.571582346609254, 3.15
61.67922497308934, 3.15
61.786867599569426, 3.15
61.89451022604951, 3.15
62.002152852529605, 3.15
62.10979547900969, 3.16
62.21743810548978, 3.16
62.32508073196986, 3.16
62.43272335844995, 3.16
62.540365984930034, 3.16
62.64800861141012, 3.16
62.755651237890206, 3.16
62.526766595289075, 3.16
62.63383297644539, 3.16
62.74089935760171, 3.16
62.84796573875803, 3.16
62.61980830670927, 3.19
62.72630457933972, 3.19
62.832800851970184, 3.19
62.939297124600635, 3.19
63.0457933972311, 3.19
63.15228966986155, 3.19
62.92372881355932, 3.19
63.029661016949156, 3.2
62.80295047418335, 3.22
62.57861635220125, 3.23
62.68343815513627, 3.24
62.46089676746611, 3.24
62.56517205422315, 3.25
62.66944734098019, 3.25
62.77372262773723, 3.25
62.877997914494266, 3.26
62.9822732012513, 3.26
63.08654848800834, 3.26
63.190823774765384, 3.26
63.29509906152242, 3.26
63.07053941908713, 3.26
63.17427385892116, 3.26
63.27800829875518, 3.27
63.054695562435505, 3.28
63.1578947368421, 3.28
63.261093911248715, 3.29
63.36429308565531, 3.29
63.14168377823408, 3.31
63.244353182751546, 3.31
63.347022587268995, 3.31
63.12563840653729, 3.32
63.22778345250255, 3.32
63.32992849846782, 3.32
63.432073544433095, 3.32
63.53421859039836, 3.32
63.63636363636363, 3.32
63.73850868232891, 3.32
63.840653728294185, 3.33
63.942798774259444, 3.33
64.04494382022472, 3.33
63.82113821138211, 3.33
63.92276422764228, 3.33
64.02439024390245, 3.33
64.1260162601626, 3.33
64.22764227642277, 3.34
64.32926829268293, 3.34
64.1051567239636, 3.36
64.20626895854399, 3.36
63.983903420523134, 3.36
64.08450704225352, 3.36
64.1851106639839, 3.37
64.28571428571429, 3.37
64.06406406406407, 3.38
64.16416416416416, 3.38
64.26426426426426, 3.39
64.04382470119522, 3.4
64.14342629482071, 3.4
64.2430278884462, 3.4
64.34262948207171, 3.41
63.80670611439842, 3.44
63.59175662414132, 3.45
63.68989205103042, 3.46
63.78802747791953, 3.46
63.57421875, 3.48
63.36248785228376, 3.48
63.45966958211856, 3.48
63.55685131195335, 3.48
63.65403304178814, 3.49
63.44294003868471, 3.51
63.23387872954764, 3.52
63.33012512030799, 3.52
63.42637151106834, 3.52
62.91706387035272, 3.55
63.01239275500477, 3.55
63.10772163965681, 3.56
63.20305052430887, 3.56
62.99810246679317, 3.57
62.79508970727101, 3.58
62.889518413597735, 3.59
62.98394711992445, 3.59
63.078375826251175, 3.59
62.290502793296085, 3.63
62.38361266294227, 3.64
61.90036900369004, 3.67
61.99261992619927, 3.67
62.08487084870848, 3.67
61.32848043676069, 3.72
61.141304347826086, 3.73
61.23188405797102, 3.73
61.322463768115945, 3.73
61.41304347826087, 3.73
61.5036231884058, 3.73
61.59420289855072, 3.73
61.684782608695656, 3.73
61.77536231884058, 3.73
61.86594202898551, 3.73
61.95652173913043, 3.74
62.04710144927537, 3.74
61.85752930568079, 3.75
61.947700631199275, 3.75
62.03787195671776, 3.75
62.12804328223625, 3.75
62.21821460775473, 3.75
62.308385933273215, 3.75
62.39855725879171, 3.75
62.488728584310195, 3.75
62.57889990982868, 3.75
62.66907123534716, 3.75
62.759242560865644, 3.75
62.849413886384134, 3.75
62.93958521190262, 3.76
62.74685816876122, 3.77
62.83662477558348, 3.78
62.92639138240575, 3.78
63.016157989228006, 3.78
63.105924596050265, 3.78
63.19569120287253, 3.78
63.28545780969479, 3.78
63.37522441651705, 3.78
63.46499102333932, 3.78
63.27077747989276, 3.79
63.360142984807865, 3.79
63.44950848972297, 3.79
63.53887399463807, 3.79
63.628239499553175, 3.79
63.71760500446828, 3.79
63.806970509383376, 3.79
63.896336014298484, 3.79
63.98570151921358, 3.79
64.07506702412869, 3.79
64.1644325290438, 3.79
64.25379803395889, 3.79
64.05693950177937, 3.8
64.1459074733096, 3.8
63.950398582816646, 3.81
64.03897254207263, 3.82
64.12754650132861, 3.83
63.93298059964727, 3.84
63.74012291483757, 3.85
63.82791922739245, 3.85
63.91571553994733, 3.85
64.00351185250219, 3.85
63.81118881118881, 3.87
63.89860139860139, 3.87
63.98601398601399, 3.87
64.07342657342657, 3.87
64.16083916083916, 3.87
64.24825174825175, 3.87
64.05570060922543, 3.88
64.14273281114012, 3.89
64.22976501305483, 3.89
64.31679721496954, 3.89
64.12478336221838, 3.9
64.21143847487002, 3.9
64.29809358752166, 3.91
64.3847487001733, 3.91
64.47140381282496, 3.91
64.5580589254766, 3.91
64.64471403812824, 3.91
64.7313691507799, 3.91
64.81802426343154, 3.91
64.90467937608318, 3.91
64.71095772217429, 3.91
64.79723899913719, 3.91
64.60481099656357, 3.94
64.41402908468777, 3.96
64.22487223168655, 3.97
64.31005110732538, 3.97
64.39522998296422, 3.97
63.935810810810814, 4.0
64.02027027027027, 4.0
64.10472972972973, 4.0
64.1891891891892, 4.0
64.27364864864865, 4.0
64.3581081081081, 4.0
64.44256756756756, 4.0
64.52702702702703, 4.0
64.61148648648648, 4.01
64.42388561816654, 4.02
64.23785594639865, 4.03
64.321608040201, 4.04
64.13678065054211, 4.05
64.22018348623854, 4.05
64.30358632193494, 4.05
64.38698915763136, 4.06
64.20265780730897, 4.07
64.28571428571429, 4.08
64.1025641025641, 4.09
64.18527708850289, 4.09
64.00329489291599, 4.1
63.56209150326797, 4.13
63.643790849673195, 4.13
63.725490196078425, 4.14
63.54759967453214, 4.15
63.62896663954435, 4.15
63.710333604556546, 4.15
63.791700569568754, 4.15
63.87306753458096, 4.15
63.95443449959316, 4.15
64.03580146460537, 4.15
64.11716842961758, 4.16
64.19853539462979, 4.16
64.27990235964198, 4.16
64.36126932465419, 4.16
64.4426362896664, 4.16
64.26256077795786, 4.16
64.34359805510535, 4.18
64.16464891041163, 4.19
64.2453591606134, 4.19
64.32606941081518, 4.19
64.40677966101694, 4.19
64.48748991121872, 4.19
64.56820016142049, 4.19
64.64891041162227, 4.19
64.72962066182404, 4.2
64.54983922829582, 4.2
64.3714971977582, 4.23
64.1945773524721, 4.24
64.274322169059, 4.24
64.35406698564593, 4.25
64.1779189833201, 4.25
64.2573471008737, 4.25
64.33677521842732, 4.26
64.41620333598094, 4.26
64.49563145353456, 4.26
64.57505957108816, 4.26
64.65448768864178, 4.26
64.47784810126582, 4.26
64.55696202531645, 4.28
64.38140267927503, 4.28
64.4602048857368, 4.29
64.53900709219859, 4.29
64.36420722135009, 4.3
64.44270015698586, 4.31
64.52119309262166, 4.31
64.34714620797499, 4.32
64.42533229085224, 4.32
64.50351837372948, 4.32
64.58170445660673, 4.32
64.65989053948398, 4.32
64.73807662236122, 4.33
64.81626270523847, 4.33
64.64174454828661, 4.33
64.7196261682243, 4.33
64.797507788162, 4.33
64.8753894080997, 4.34
64.95327102803739, 4.34
64.77889837083009, 4.36
64.85647788983708, 4.36
64.68315301391036, 4.37
64.76043276661515, 4.38
64.63790446841294, 4.38
64.71494607087827, 4.39
64.79198767334361, 4.39
64.62010744435918, 4.4
64.6968534151957, 4.4
64.77359938603223, 4.4
64.85034535686877, 4.41
64.6788990825688, 4.42
64.75535168195718, 4.42
64.83180428134557, 4.43
64.66108149276467, 4.44
64.73724295506473, 4.44
64.81340441736482, 4.45
64.64339908952958, 4.46
64.47467876039305, 4.47
64.55026455026454, 4.48
64.62585034013605, 4.48
64.70143613000756, 4.48
64.77702191987906, 4.48
64.60843373493977, 4.48
64.68373493975903, 4.48
64.7590361445783, 4.48
64.83433734939759, 4.48
64.90963855421687, 4.48
64.98493975903614, 4.48
65.06024096385542, 4.49
65.1355421686747, 4.49
64.96624156039009, 4.5
65.04126031507877, 4.51
65.11627906976744, 4.51
64.94768310911809, 4.52
65.02242152466367, 4.53
64.8548026805659, 4.55
64.68842729970326, 4.55
64.76261127596439, 4.55
64.83679525222553, 4.56
64.91097922848664, 4.56
64.7450110864745, 4.57
64.81892091648189, 4.58
64.89283074648928, 4.58
64.96674057649668, 4.58
64.80117820324006, 4.58
64.87481590574374, 4.59
64.47368421052632, 4.63
64.31172614712308, 4.63
64.38455935906774, 4.64
64.22351233671988, 4.66
64.29608127721336, 4.66
64.13593637020969, 4.67
64.20824295010846, 4.67
64.28054953000724, 4.67
64.352856109906, 4.68
64.42516268980476, 4.68
64.49746926970354, 4.68
64.33717579250721, 4.69
64.17803302225413, 4.71
64.02002861230329, 4.72
63.86315039201711, 4.73
63.934426229508205, 4.73
64.00570206699929, 4.73
64.07697790449038, 4.73
64.14825374198146, 4.73
64.21952957947255, 4.73
64.29080541696365, 4.73
64.36208125445474, 4.73
64.43335709194584, 4.73
64.50463292943692, 4.73
64.57590876692801, 4.74
64.41761363636364, 4.75
64.48863636363636, 4.75
64.5596590909091, 4.75
64.63068181818183, 4.75
64.70170454545455, 4.75
64.77272727272727, 4.75
64.84375, 4.75
64.91477272727273, 4.75
64.98579545454545, 4.75
65.05681818181817, 4.75
65.1278409090909, 4.75
65.19886363636364, 4.75
65.26988636363636, 4.76
65.10969568294409, 4.77
65.18046709129511, 4.78
65.02115655853315, 4.79
65.0916784203103, 4.79
65.16220028208744, 4.79
65.23272214386459, 4.79
65.07378777231202, 4.81
64.91596638655463, 4.82
64.7592463363573, 4.84
64.60361613351877, 4.85
64.67315716272601, 4.85
64.74269819193324, 4.85
64.81223922114047, 4.85
64.8817802503477, 4.85
64.95132127955495, 4.86
64.84049930651872, 4.87
64.90984743411929, 4.87
64.97919556171983, 4.87
65.0485436893204, 4.87
65.11789181692095, 4.87
65.18723994452151, 4.87
65.25658807212206, 4.88
65.10020732550103, 4.88
65.16931582584658, 4.89
65.23842432619212, 4.89
65.30753282653767, 4.89
65.15151515151516, 4.9
65.22038567493112, 4.9
65.28925619834712, 4.9
65.35812672176309, 4.9
65.42699724517907, 4.91
65.49586776859503, 4.91
65.56473829201101, 4.91
65.633608815427, 4.91
65.70247933884298, 4.91
65.54564172958133, 4.91
65.61427590940289, 4.91
65.68291008922444, 4.92
65.75154426904598, 4.92
65.82017844886754, 4.93
65.88881262868908, 4.93
65.95744680851064, 4.93
66.0260809883322, 4.93
65.8686730506156, 4.94
65.71233810497614, 4.96
65.55706521739131, 4.97
65.625, 4.97
65.69293478260869, 4.97
65.76086956521739, 4.97
65.60595802301964, 5.0
requests, 1482
errors, 969
