0.5263157894736842, 0.65
0.975609756097561, 0.7
1.4634146341463417, 0.7
1.951219512195122, 0.7
2.380952380952381, 0.72
2.857142857142857, 0.72
3.3333333333333335, 0.72
3.8095238095238098, 0.72
4.285714285714286, 0.72
4.761904761904762, 0.72
5.116279069767442, 0.73
5.5813953488372094, 0.73
6.046511627906977, 0.73
6.511627906976744, 0.73
6.976744186046512, 0.74
7.441860465116279, 0.74
7.906976744186046, 0.74
8.181818181818182, 0.75
8.636363636363637, 0.75
9.049773755656108, 0.75
9.502262443438914, 0.75
9.95475113122172, 0.75
10.0, 0.78
10.434782608695652, 0.78
10.869565217391305, 0.78
11.304347826086957, 0.78
11.73913043478261, 0.78
12.173913043478262, 0.78
12.608695652173912, 0.78
13.043478260869565, 0.78
13.478260869565217, 0.78
13.617021276595745, 0.8
14.042553191489363, 0.8
14.468085106382977, 0.8
14.893617021276595, 0.8
15.319148936170212, 0.8
15.74468085106383, 0.8
16.170212765957448, 0.8
16.595744680851062, 0.8
17.02127659574468, 0.8
17.4468085106383, 0.8
17.5, 0.82
17.916666666666668, 0.82
18.333333333333332, 0.82
18.75, 0.82
20.0, 0.82
19.166666666666668, 0.82
20.416666666666668, 0.82
19.583333333333332, 0.82
20.833333333333336, 0.82
21.25, 0.82
21.224489795918366, 0.83
21.63265306122449, 0.83
22.040816326530614, 0.83
22.448979591836736, 0.83
22.857142857142858, 0.83
23.26530612244898, 0.83
23.6734693877551, 0.83
24.081632653061224, 0.83
24.489795918367346, 0.83
24.897959183673468, 0.83
25.30612244897959, 0.83
25.2, 0.85
25.098039215686274, 0.86
25.49019607843137, 0.86
25.882352941176475, 0.86
26.27450980392157, 0.86
26.666666666666668, 0.86
27.058823529411764, 0.86
27.450980392156865, 0.86
26.79245283018868, 0.9
27.169811320754718, 0.9
27.547169811320753, 0.9
27.40740740740741, 0.92
27.77777777777778, 0.92
28.14814814814815, 0.92
28.51851851851852, 0.92
28.888888888888886, 0.92
29.259259259259256, 0.92
29.629629629629626, 0.92
30.0, 0.92
30.37037037037037, 0.92
29.642857142857142, 0.94
30.0, 0.94
30.357142857142854, 0.94
30.714285714285715, 0.94
31.071428571428573, 0.94
31.428571428571427, 0.94
31.785714285714285, 0.94
32.142857142857146, 0.94
32.5, 0.94
32.857142857142854, 0.94
33.214285714285715, 0.94
33.57142857142857, 0.94
33.92857142857143, 0.94
34.285714285714285, 0.94
34.64285714285714, 0.94
34.385964912280706, 0.96
34.73684210526316, 0.96
35.08771929824561, 0.96
35.43859649122807, 0.96
35.78947368421053, 0.96
36.140350877192986, 0.96
36.49122807017544, 0.96
36.84210526315789, 0.96
37.19298245614035, 0.96
37.54385964912281, 0.96
37.89473684210527, 0.96
38.24561403508772, 0.96
38.59649122807017, 0.96
38.94736842105263, 0.96
39.29824561403509, 0.96
39.64912280701755, 0.96
39.310344827586206, 0.98
39.6551724137931, 0.98
40.0, 0.98
40.3448275862069, 0.98
40.689655172413794, 0.98
41.03448275862069, 0.98
41.37931034482759, 0.98
41.724137931034484, 0.98
42.06896551724138, 0.98
42.41379310344828, 0.98
42.758620689655174, 0.98
43.103448275862064, 0.98
43.44827586206896, 0.98
43.050847457627114, 1.0
43.389830508474574, 1.0
43.728813559322035, 1.0
44.06779661016949, 1.0
44.40677966101695, 1.0
44.5945945945946, 1.02
44.932432432432435, 1.02
45.27027027027027, 1.02
45.608108108108105, 1.02
45.94594594594595, 1.02
45.666666666666664, 1.04
46.0, 1.04
46.33333333333333, 1.04
46.666666666666664, 1.04
46.53465346534654, 1.05
46.864686468646866, 1.05
47.194719471947195, 1.05
47.524752475247524, 1.05
47.07792207792208, 1.07
47.4025974025974, 1.07
47.72727272727273, 1.07
48.05194805194805, 1.07
48.37662337662338, 1.07
47.92332268370607, 1.09
48.242811501597444, 1.09
48.56230031948881, 1.09
48.881789137380196, 1.09
49.201277955271564, 1.09
48.742138364779876, 1.1
49.056603773584904, 1.1
49.37106918238994, 1.1
48.91640866873065, 1.12
49.53560371517028, 1.12
49.84520123839009, 1.12
49.22600619195047, 1.12
49.390243902439025, 1.12
49.69512195121951, 1.12
50.0, 1.13
50.30487804878049, 1.14
50.609756097560975, 1.14
50.91463414634146, 1.14
51.21951219512195, 1.14
51.52439024390244, 1.14
51.051051051051054, 1.15
51.35135135135135, 1.15
51.651651651651655, 1.15
51.95195195195195, 1.15
52.25225225225225, 1.15
52.552552552552555, 1.15
52.071005917159766, 1.16
52.366863905325445, 1.16
52.662721893491124, 1.16
52.95857988165681, 1.16
53.25443786982249, 1.16
53.55029585798816, 1.16
53.84615384615385, 1.16
54.142011834319526, 1.16
54.437869822485204, 1.16
54.73372781065089, 1.17
55.02958579881657, 1.17
55.325443786982255, 1.17
54.81049562682215, 1.19
52.79329608938548, 1.24
52.34159779614325, 1.25
52.61707988980716, 1.25
50.79365079365079, 1.29
51.05820105820106, 1.29
51.32275132275132, 1.29
50.25773195876289, 1.32
50.51546391752577, 1.32
50.77319587628865, 1.33
51.03092783505154, 1.33
50.63613231552163, 1.35
50.25125628140703, 1.36
50.502512562814076, 1.36
50.753768844221106, 1.37
51.005025125628144, 1.37
51.256281407035175, 1.37
51.507537688442206, 1.37
51.1166253101737, 1.39
49.52153110047847, 1.42
49.760765550239235, 1.43
49.40898345153664, 1.44
49.645390070921984, 1.44
49.881796690307326, 1.44
50.11820330969267, 1.45
50.35460992907801, 1.45
50.59101654846335, 1.45
50.82742316784869, 1.45
49.88452655889146, 1.48
49.54337899543379, 1.5
49.20993227990971, 1.52
49.43566591422122, 1.52
48.56512141280353, 1.54
48.78587196467991, 1.54
47.94816414686825, 1.57
47.64957264957265, 1.59
47.863247863247864, 1.6
48.07692307692308, 1.6
47.47899159663865, 1.62
47.0954356846473, 1.64
47.30290456431535, 1.65
46.16935483870967, 1.7
46.0, 1.72
46.2, 1.72
46.400000000000006, 1.72
46.6, 1.72
46.800000000000004, 1.72
47.0, 1.72
46.73267326732674, 1.73
46.56188605108055, 1.75
46.75834970530452, 1.75
46.95481335952849, 1.75
47.151277013752456, 1.75
46.978557504873294, 1.77
46.71814671814672, 1.77
46.91119691119691, 1.77
47.10424710424711, 1.78
47.2972972972973, 1.78
47.49034749034749, 1.78
47.68339768339768, 1.78
47.87644787644788, 1.78
48.06949806949807, 1.78
48.26254826254826, 1.78
48.455598455598455, 1.78
48.64864864864865, 1.78
48.84169884169884, 1.78
49.034749034749034, 1.79
49.22779922779923, 1.79
48.94837476099426, 1.8
49.1395793499044, 1.8
49.330783938814534, 1.8
49.521988527724666, 1.8
49.7131931166348, 1.8
49.90439770554494, 1.8
50.09560229445506, 1.8
50.2868068833652, 1.8
50.47801147227533, 1.8
50.66921606118547, 1.8
50.860420650095605, 1.8
51.05162523900574, 1.8
51.24282982791587, 1.8
50.9469696969697, 1.82
51.13636363636363, 1.82
51.32575757575758, 1.82
51.515151515151516, 1.82
51.21951219512195, 1.84
51.02420856610801, 1.85
51.21042830540037, 1.85
51.39664804469274, 1.85
51.107011070110694, 1.86
51.291512915129154, 1.86
51.476014760147606, 1.86
51.66051660516605, 1.86
51.8450184501845, 1.86
52.02952029520295, 1.86
52.2140221402214, 1.86
52.398523985239855, 1.86
52.10237659963437, 1.89
51.81159420289855, 1.9
51.992753623188406, 1.9
52.17391304347826, 1.9
52.35507246376812, 1.9
52.53623188405797, 1.9
52.71739130434783, 1.9
52.89855072463768, 1.9
52.6032315978456, 1.92
52.782764811490125, 1.92
52.96229802513464, 1.92
53.14183123877917, 1.92
53.3213644524237, 1.92
53.50089766606823, 1.92
53.680430879712745, 1.92
52.910052910052904, 1.94
53.086419753086425, 1.94
53.26278659611992, 1.94
53.43915343915344, 1.94
53.61552028218695, 1.94
53.79188712522046, 1.94
53.96825396825397, 1.94
54.14462081128748, 1.94
54.32098765432099, 1.94
54.4973544973545, 1.94
54.673721340388006, 1.94
54.85008818342152, 1.94
55.026455026455025, 1.94
55.20282186948854, 1.94
55.379188712522044, 1.94
55.55555555555556, 1.95
55.24475524475524, 1.96
55.41958041958041, 1.96
55.59440559440559, 1.96
55.769230769230774, 1.96
55.94405594405595, 1.96
56.11888111888111, 1.96
56.29370629370629, 1.96
56.46853146853147, 1.96
56.64335664335665, 1.96
56.81818181818182, 1.96
56.993006993006986, 1.96
57.16783216783217, 1.96
57.34265734265735, 1.96
57.51748251748252, 1.96
57.692307692307686, 1.96
57.86713286713287, 1.96
58.04195804195804, 1.97
57.712305025996535, 1.98
57.885615251299825, 1.98
58.23223570190641, 1.98
58.4055459272097, 1.98
58.05892547660312, 1.98
58.578856152513005, 1.98
58.752166377816295, 1.98
58.925476603119584, 1.98
59.09878682842288, 1.98
59.27209705372617, 1.98
59.44540727902946, 1.98
59.61871750433275, 1.98
59.79202772963605, 1.98
59.96533795493934, 1.99
59.62199312714777, 2.0
59.79381443298969, 2.0
59.965635738831615, 2.0
60.13745704467354, 2.0
60.30927835051546, 2.0
60.48109965635739, 2.0
60.65292096219931, 2.0
60.824742268041234, 2.0
60.996563573883165, 2.0
60.6473594548552, 2.02
60.81771720613288, 2.02
60.98807495741057, 2.02
61.158432708688245, 2.02
60.810810810810814, 2.04
60.46901172529313, 2.04
60.63651591289783, 2.05
60.80402010050251, 2.05
60.46511627906976, 2.06
60.631229235880404, 2.07
60.29654036243822, 2.09
60.46128500823723, 2.09
60.62602965403624, 2.09
60.79077429983526, 2.09
60.45751633986928, 2.1
60.62091503267973, 2.1
60.78431372549019, 2.1
60.94771241830066, 2.1
61.111111111111114, 2.1
60.97560975609756, 2.11
61.138211382113816, 2.12
60.806451612903224, 2.12
60.967741935483865, 2.12
61.12903225806452, 2.14
60.8, 2.14
60.96, 2.15
61.12, 2.15
61.28, 2.15
61.44, 2.16
61.6, 2.16
61.760000000000005, 2.16
61.919999999999995, 2.16
62.08, 2.16
62.14057507987221, 2.16
61.904761904761905, 2.16
62.06349206349206, 2.16
62.22222222222222, 2.16
62.38095238095238, 2.17
62.14511041009464, 2.19
61.815336463223794, 2.2
61.49068322981367, 2.22
61.17103235747303, 2.24
60.030165912518854, 2.29
59.73053892215569, 2.29
59.88023952095808, 2.29
60.02994011976048, 2.29
59.910581222056635, 2.31
60.05961251862891, 2.32
59.851851851851855, 2.32
60.0, 2.32
60.14814814814815, 2.33
60.29629629629629, 2.33
60.44444444444444, 2.34
60.32448377581121, 2.35
60.47197640117994, 2.36
60.61946902654868, 2.36
60.766961651917406, 2.36
60.55718475073314, 2.36
60.70381231671554, 2.36
60.49562682215743, 2.39
59.684361549497844, 2.42
59.57142857142858, 2.43
59.71428571428572, 2.44
59.77175463623395, 2.44
59.91440798858774, 2.44
60.05706134094151, 2.44
60.11396011396012, 2.45
59.830268741159834, 2.47
59.80253878702398, 2.48
59.19220055710307, 2.52
59.0027700831025, 2.54
59.05947441217151, 2.54
58.5499316005472, 2.57
58.28804347826087, 2.57
58.02968960863698, 2.59
58.1646423751687, 2.6
57.9088471849866, 2.62
57.65645805592543, 2.64
57.407407407407405, 2.65
56.42023346303502, 2.7
56.25806451612904, 2.72
56.387096774193544, 2.72
56.15384615384615, 2.73
55.92356687898089, 2.75
56.05095541401274, 2.76
55.82278481012658, 2.77
55.66750629722922, 2.77
55.793450881612095, 2.78
55.91939546599496, 2.78
56.04534005037783, 2.78
56.17128463476071, 2.78
56.297229219143574, 2.78
56.42317380352645, 2.78
56.549118387909324, 2.78
56.67506297229219, 2.78
56.80100755667507, 2.78
56.57071339173968, 2.79
56.69586983729662, 2.8
56.82102628285357, 2.8
56.94618272841051, 2.8
57.07133917396746, 2.8
57.1964956195244, 2.8
57.32165206508135, 2.8
57.446808510638306, 2.8
57.571964956195245, 2.8
57.69712140175219, 2.8
57.82227784730913, 2.8
57.947434292866085, 2.8
58.072590738423024, 2.8
58.19774718397998, 2.8
58.322903629536924, 2.81
58.08457711442786, 2.82
58.2089552238806, 2.82
57.972805933250925, 2.84
58.0964153275649, 2.84
57.86240786240786, 2.85
57.631257631257625, 2.86
57.75335775335775, 2.86
57.87545787545788, 2.86
57.997557997558005, 2.86
58.119658119658126, 2.86
58.24175824175825, 2.86
58.36385836385837, 2.86
58.48595848595849, 2.87
58.60805860805861, 2.87
58.730158730158735, 2.87
58.495145631067956, 2.89
58.616504854368934, 2.89
58.7378640776699, 2.89
58.859223300970875, 2.89
58.98058252427184, 2.89
58.74547647768396, 2.9
58.86610373944512, 2.9
58.98673100120627, 2.9
58.752997601918466, 2.92
58.87290167865707, 2.92
58.992805755395686, 2.92
59.11270983213429, 2.92
59.2326139088729, 2.92
58.99880810488677, 2.92
58.767772511848335, 2.94
58.88625592417062, 2.94
59.0047393364929, 2.94
59.12322274881517, 2.94
59.241706161137444, 2.94
59.36018957345972, 2.94
59.47867298578199, 2.94
59.59715639810427, 2.94
59.71563981042654, 2.94
59.48174322732627, 2.96
59.59952885747939, 2.96
59.717314487632514, 2.96
59.835100117785636, 2.96
59.95288574793876, 2.96
60.07067137809188, 2.96
60.18845700824499, 2.96
60.30624263839811, 2.96
60.42402826855123, 2.96
60.541813898704355, 2.96
60.65959952885748, 2.96
60.7773851590106, 2.96
60.89517078916372, 2.96
61.01295641931684, 2.96
61.130742049469966, 2.96
61.24852767962309, 2.96
61.36631330977621, 2.97
61.124121779859486, 2.98
61.241217798594846, 2.98
61.35831381733021, 2.98
61.47540983606557, 2.98
61.59250585480094, 2.98
61.7096018735363, 2.98
61.82669789227167, 2.98
61.94379391100703, 2.98
62.06088992974239, 2.98
62.177985948477755, 2.98
62.295081967213115, 2.98
62.41217798594848, 2.98
62.52927400468384, 2.98
62.28172293364377, 3.0
62.398137369033755, 3.0
62.514551804423746, 3.01
62.268518518518526, 3.02
62.38425925925925, 3.02
62.5, 3.02
62.61574074074075, 3.02
62.370540851553514, 3.03
62.48561565017261, 3.04
62.60069044879172, 3.04
62.35697940503433, 3.05
62.47139588100686, 3.05
62.22980659840728, 3.07
61.990950226244344, 3.08
62.10407239819005, 3.09
62.217194570135746, 3.09
62.33031674208145, 3.09
62.09223847019123, 3.1
62.20472440944882, 3.11
62.177328843995504, 3.11
62.21973094170403, 3.11
62.33183856502242, 3.11
62.4439461883408, 3.11
62.5560538116592, 3.11
62.45810055865921, 3.13
62.56983240223464, 3.13
62.68156424581005, 3.14
62.79329608938548, 3.14
62.55555555555555, 3.15
62.66666666666667, 3.15
62.77777777777778, 3.15
62.88888888888889, 3.16
62.7906976744186, 3.16
62.901439645625686, 3.16
62.942477876106196, 3.16
63.05309734513275, 3.17
62.472647702407, 3.2
62.58205689277899, 3.2
62.35038084874864, 3.21
62.45919477693145, 3.21
62.56800870511425, 3.21
62.67682263329706, 3.21
62.785636561479876, 3.21
62.89445048966268, 3.22
63.003264417845486, 3.22
62.77056277056276, 3.23
62.878787878787875, 3.24
62.98701298701299, 3.24
63.095238095238095, 3.24
62.59378349410504, 3.27
62.4332977588047, 3.28
62.27417640807651, 3.31
62.05073995771671, 3.31
62.15644820295984, 3.31
62.26215644820295, 3.31
62.36786469344609, 3.32
62.473572938689216, 3.32
62.25026288117771, 3.32
62.35541535226078, 3.33
62.46056782334385, 3.33
62.56572029442692, 3.33
62.67087276550999, 3.34
62.77602523659306, 3.34
62.88117770767613, 3.34
62.9863301787592, 3.34
62.76150627615063, 3.35
62.539021852237255, 3.36
62.64308012486993, 3.36
62.7471383975026, 3.36
62.85119667013528, 3.37
62.955254942767944, 3.37
62.732919254658384, 3.38
62.83643892339544, 3.38
62.939958592132506, 3.39
63.04347826086957, 3.39
63.14699792960663, 3.39
62.924819773429455, 3.4
63.027806385169924, 3.41
62.871794871794876, 3.42
62.65306122448979, 3.43
62.43654822335025, 3.45
62.538071065989854, 3.46
62.63959390862944, 3.46
62.74111675126903, 3.46
62.525252525252526, 3.47
62.62626262626263, 3.47
62.727272727272734, 3.47
62.51256281407035, 3.48
62.61306532663317, 3.48
62.71356783919598, 3.49
62.5, 3.5
62.6, 3.5
62.7, 3.51
62.8, 3.51
62.9, 3.51
62.874251497005986, 3.52
62.974051896207584, 3.52
62.450592885375485, 3.54
62.549407114624515, 3.55
62.40157480314961, 3.57
62.5, 3.57
62.109375, 3.59
62.20703125, 3.6
62.3046875, 3.61
62.40234375, 3.61
62.19630709426628, 3.61
62.293488824101075, 3.62
62.390670553935855, 3.62
62.48785228377065, 3.62
62.585034013605444, 3.62
62.07892204042348, 3.66
62.175168431183835, 3.66
62.032598274209015, 3.67
62.12847555129435, 3.67
62.22435282837967, 3.67
62.02290076335878, 3.69
61.88212927756654, 3.7
61.97718631178707, 3.71
61.778618732261116, 3.72
61.873226111636704, 3.72
61.67608286252354, 3.73
61.53846153846154, 3.75
61.63227016885553, 3.76
61.72607879924953, 3.76
61.81988742964353, 3.76
61.62464985994398, 3.77
61.48837209302326, 3.78
61.58139534883721, 3.78
61.67441860465116, 3.78
61.76744186046511, 3.78
61.86046511627907, 3.78
61.95348837209303, 3.78
62.04651162790697, 3.78
62.13953488372093, 3.78
62.23255813953489, 3.78
62.32558139534884, 3.79
62.41860465116279, 3.79
62.33766233766234, 3.8
62.430426716141, 3.8
62.52319109461967, 3.8
62.615955473098325, 3.8
62.708719851577, 3.8
62.80148423005566, 3.8
62.89424860853432, 3.8
62.98701298701299, 3.8
63.07977736549165, 3.8
63.172541743970314, 3.8
63.26530612244898, 3.8
63.358070500927646, 3.81
63.4508348794063, 3.81
63.54359925788498, 3.81
63.63636363636363, 3.81
63.43490304709142, 3.82
63.293468261269545, 3.83
63.38546458141674, 3.84
63.244729605866176, 3.85
63.336388634280475, 3.85
63.42804766269477, 3.86
63.51970669110908, 3.86
63.32116788321168, 3.86
63.412408759124084, 3.86
63.503649635036496, 3.86
63.59489051094891, 3.86
63.68613138686131, 3.86
63.777372262773724, 3.86
63.868613138686136, 3.86
63.95985401459854, 3.86
64.05109489051095, 3.87
64.14233576642336, 3.87
64.0, 3.89
63.858695652173914, 3.9
63.949275362318836, 3.91
63.808664259927795, 3.92
63.898916967509024, 3.92
63.98916967509025, 3.92
64.07942238267148, 3.92
64.16967509025271, 3.92
63.799283154121866, 3.94
63.888888888888886, 3.94
63.97849462365591, 3.94
64.06810035842294, 3.94
64.15770609318996, 3.94
64.24731182795699, 3.94
64.33691756272401, 3.94
64.42652329749103, 3.94
64.51612903225806, 3.94
64.6057347670251, 3.96
64.40677966101694, 3.96
64.49598572702943, 3.96
64.58519179304193, 3.96
64.67439785905441, 3.96
64.7636039250669, 3.96
64.8528099910794, 3.96
64.94201605709188, 3.96
65.03122212310437, 3.96
65.12042818911686, 3.96
65.20963425512934, 3.96
65.38804638715433, 3.96
65.29884032114184, 3.96
65.47725245316681, 3.96
65.5664585191793, 3.96
65.6556645851918, 3.96
65.74487065120428, 3.96
65.83407671721677, 3.97
65.63055062166963, 3.98
65.71936056838365, 3.98
65.80817051509769, 3.98
65.89698046181172, 3.98
65.98579040852576, 3.98
66.07460035523978, 3.98
66.16341030195382, 3.98
66.25222024866785, 3.98
66.34103019538188, 3.98
66.42984014209591, 3.98
66.51865008880995, 3.98
66.60746003552399, 3.98
66.69626998223801, 3.98
66.78507992895204, 3.99
66.87388987566607, 3.99
66.96269982238012, 3.99
66.8141592920354, 4.0
66.90265486725664, 4.0
66.99115044247787, 4.0
67.07964601769912, 4.01
66.87224669603525, 4.02
66.96035242290749, 4.02
67.04845814977973, 4.02
67.13656387665198, 4.02
67.22466960352423, 4.02
67.01754385964912, 4.03
67.10526315789474, 4.04
66.89956331877728, 4.05
66.98689956331879, 4.05
66.78260869565219, 4.07
66.8695652173913, 4.07
66.72443674176776, 4.09
66.52286453839517, 4.1
66.60914581535806, 4.1
66.69542709232097, 4.11
66.78170836928386, 4.11
66.5807560137457, 4.11
66.66666666666666, 4.11
66.75257731958763, 4.11
66.55260906757913, 4.13
66.63815226689478, 4.13
66.72369546621043, 4.14
66.52470187393527, 4.15
66.6098807495741, 4.15
66.69505962521295, 4.15
66.78023850085178, 4.16
66.58184902459712, 4.16
66.66666666666666, 4.17
66.75148430873622, 4.17
66.83630195080576, 4.17
66.92111959287533, 4.17
67.00593723494487, 4.17
66.52649285113542, 4.2
66.61059714045416, 4.2
66.69470142977292, 4.21
66.77880571909168, 4.21
66.58291457286433, 4.21
66.66666666666666, 4.21
66.75041876046902, 4.21
66.83417085427136, 4.21
66.91792294807371, 4.22
67.00167504187606, 4.22
66.80567139282736, 4.23
66.61129568106313, 4.25
66.41852770885029, 4.27
66.50124069478908, 4.28
66.30971993410213, 4.28
66.11977030352747, 4.3
65.93137254901961, 4.31
66.01307189542483, 4.31
66.09477124183006, 4.31
66.17647058823529, 4.32
66.25816993464052, 4.32
66.12377850162866, 4.33
66.20521172638436, 4.33
66.28664495114006, 4.34
66.09894566098946, 4.35
66.18004866180048, 4.36
66.26115166261151, 4.36
66.07431340872375, 4.36
66.15508885298868, 4.38
65.96942880128721, 4.38
66.04987932421561, 4.38
66.13032984714401, 4.39
65.94551282051282, 4.4
66.02564102564102, 4.4
66.10576923076923, 4.41
66.18589743589743, 4.41
66.00159616919393, 4.42
66.08140462889067, 4.42
66.16121308858739, 4.43
65.97774244833067, 4.43
66.05723370429253, 4.44
66.13672496025437, 4.44
66.21621621621621, 4.44
66.29570747217805, 4.44
66.11243072050674, 4.45
65.93059936908517, 4.47
66.00946372239747, 4.47
66.08832807570978, 4.47
66.16719242902208, 4.48
65.98586017282011, 4.48
66.06441476826394, 4.48
66.14296936370778, 4.48
66.22152395915161, 4.49
66.04068857589984, 4.5
66.1189358372457, 4.5
66.19718309859155, 4.51
66.01714731098987, 4.52
66.09508963367108, 4.52
65.91614906832298, 4.54
65.99378881987577, 4.54
66.07142857142857, 4.54
66.14906832298136, 4.54
65.97061098221191, 4.55
66.04795050270688, 4.55
66.12529002320186, 4.56
66.20262954369683, 4.56
66.0246533127889, 4.58
65.84804297774367, 4.59
65.9247889485802, 4.59
65.74923547400611, 4.6
65.82568807339449, 4.6
65.90214067278288, 4.61
65.72734196496572, 4.61
65.80350342726581, 4.62
65.3817082388511, 4.66
65.21084337349397, 4.67
65.04126031507877, 4.69
65.11627906976744, 4.69
64.94768310911809, 4.7
65.02242152466367, 4.71
65.09715994020927, 4.71
65.17189835575485, 4.71
65.24663677130044, 4.71
65.07818317200298, 4.72
65.15264333581534, 4.72
64.98516320474778, 4.73
64.81892091648189, 4.75
64.89283074648928, 4.75
64.96674057649668, 4.76
64.80117820324006, 4.77
64.87481590574374, 4.78
64.94845360824742, 4.78
64.78356566397653, 4.78
64.8569332355099, 4.78
64.93030080704328, 4.78
65.00366837857668, 4.78
65.07703595011006, 4.78
65.15040352164343, 4.78
65.22377109317682, 4.78
65.2971386647102, 4.78
65.37050623624357, 4.78
65.44387380777697, 4.79
65.51724137931035, 4.79
65.35087719298247, 4.8
65.42397660818715, 4.8
65.49707602339181, 4.8
65.5701754385965, 4.8
65.64327485380117, 4.8
65.71637426900585, 4.8
65.78947368421053, 4.8
65.8625730994152, 4.8
65.93567251461988, 4.8
66.00877192982456, 4.8
66.08187134502924, 4.81
66.15497076023392, 4.81
66.22807017543859, 4.81
66.05972323379461, 4.82
65.89259796806967, 4.83
65.96516690856313, 4.83
66.0377358490566, 4.84
65.87129428778019, 4.85
65.94360086767897, 4.85
66.01590744757773, 4.86
66.0882140274765, 4.86
66.01731601731602, 4.86
65.99423631123919, 4.86
66.06628242074927, 4.86
66.13832853025937, 4.86
66.21037463976946, 4.86
66.28242074927954, 4.86
66.35446685878964, 4.86
66.4265129682997, 4.87
66.49855907780979, 4.87
66.57060518731988, 4.88
66.40344580043073, 4.89
66.23748211731044, 4.9
66.30901287553648, 4.91
66.38054363376253, 4.91
66.45207439198856, 4.91
66.28652886671419, 4.92
66.35780470420526, 4.92
66.42908054169637, 4.92
66.50035637918745, 4.92
66.57163221667855, 4.92
66.40625, 4.94
66.47727272727273, 4.94
66.54829545454545, 4.94
66.43059490084985, 4.96
66.5014164305949, 4.96
66.57223796033995, 4.96
66.643059490085, 4.96
66.71388101983003, 4.96
66.78470254957507, 4.96
66.85552407932012, 4.96
66.92634560906515, 4.96
66.9971671388102, 4.96
67.06798866855524, 4.96
67.13881019830028, 4.96
67.20963172804532, 4.96
67.3512747875354, 4.96
67.42209631728045, 4.96
67.28045325779037, 4.96
67.3974540311174, 4.96
67.32533521524347, 4.97
67.39590684544812, 4.98
67.46647847565279, 4.98
67.53705010585745, 4.98
67.6076217360621, 4.98
67.44022503516175, 4.98
67.51054852320675, 4.98
67.58087201125176, 4.98
67.65119549929676, 4.98
67.72151898734177, 4.98
67.79184247538677, 4.98
67.86216596343179, 4.98
67.9324894514768, 4.98
68.00281293952179, 4.98
68.07313642756681, 4.98
68.14345991561181, 4.98
68.21378340365682, 4.98
68.28410689170182, 4.98
68.35443037974683, 4.99
68.42475386779185, 4.99
requests, 1427
errors, 973
