0.08038585209003216, 0.08
0.11092623405435387, 0.1
0.09140767824497258, 0.17
0.09615384615384616, 0.21
0.0956388676358072, 0.26
0.07159904534606205, 0.4
0.08350232613622809, 0.4
0.07270083605961468, 0.52
0.06573181419807186, 0.64
0.06767273465520741, 0.69
0.05809040980143641, 0.9
0.05298949041773382, 1.1
0.055430008954078375, 1.14
0.05925424302704533, 1.15
0.04935184575903139, 1.48
0.04416473445953406, 1.76
0.04658299994519647, 1.78
0.049290760720740456, 1.78
0.04630645121980941, 1.99
0.04795933048774639, 2.03
0.04946879932157076, 2.08
0.050667894979272224, 2.13
0.050688705234159775, 2.22
0.05184817127179244, 2.27
0.04955794314712762, 2.47
0.05151983513652757, 2.47
0.048736462093862815, 2.7
0.0504932104665212, 2.7
0.05223154785490436, 2.71
0.05401317921572864, 2.71
0.05577445529947284, 2.71
0.057547746646045395, 2.71
0.05933437617994498, 2.71
0.06112579328694964, 2.71
0.06284790806248877, 2.72
0.06462847602463064, 2.72
0.06642013427637956, 2.72
0.06769033453275856, 2.74
0.06911339913874072, 2.75
0.06894649751792609, 2.83
0.06681006387693912, 2.99
0.0684161657625959, 3.0
0.06826805531300109, 3.09
0.06779034295750777, 3.18
0.0666449453511448, 3.32
0.06810375458960086, 3.32
0.06940752554787642, 3.33
0.07040807345908998, 3.35
0.0712633982460478, 3.38
0.0724574674665971, 3.39
0.07388948451218452, 3.39
0.07451351273894477, 3.43
0.0759192677371761, 3.43
0.07550124437236096, 3.52
0.07632952148329078, 3.54
0.07703312424342466, 3.57
0.07831068734801544, 3.58
0.07930214115781126, 3.59
0.07935440484196368, 3.65
0.08061157313484972, 3.66
0.08095124346418239, 3.7
0.08193904792112706, 3.72
0.08310358928359429, 3.72
0.08252101707153542, 3.81
0.08309576467279445, 3.84
0.0843536719409013, 3.84
0.08541778219740433, 3.85
0.08642822644195328, 3.86
0.08762349833642344, 3.87
0.08717310087173101, 3.94
0.0883326283311354, 3.94
0.08947100269655661, 3.95
0.09027726249659915, 3.97
0.09006267875616139, 4.03
0.08960573476702509, 4.12
0.09078529278256922, 4.12
0.09160014751192587, 4.14
0.09257720701687754, 4.15
0.09370626052712737, 4.15
0.09489129016570391, 4.15
0.09566778475929513, 4.17
0.09641387419165197, 4.19
0.09594377463616503, 4.26
0.09709074517146919, 4.26
0.09805052485869188, 4.27
0.09754658983927497, 4.34
0.09361683811819395, 4.58
0.0934956758249931, 4.64
0.09423473979564827, 4.65
0.09524414248523716, 4.66
0.09628101359572555, 4.66
0.09724027861453742, 4.66
0.09828269484808455, 4.66
0.09931535795790719, 4.66
0.10021519895354233, 4.67
0.10105263157894737, 4.68
0.10209559094401582, 4.68
0.10304942166140904, 4.69
0.10400689176979809, 4.69
0.10494390748145117, 4.69
0.1058267584530433, 4.7
0.10651851542429874, 4.72
0.10329024559010822, 4.91
requests, 101625
errors, 103
