0.4761904761904762, 0.72
0.9523809523809524, 0.72
1.4285714285714286, 0.72
1.9047619047619049, 0.72
2.3255813953488373, 0.73
2.7906976744186047, 0.73
3.255813953488372, 0.73
3.7209302325581395, 0.73
4.186046511627907, 0.73
4.651162790697675, 0.73
5.116279069767442, 0.73
5.5813953488372094, 0.73
6.511627906976744, 0.73
6.046511627906977, 0.73
6.976744186046512, 0.73
7.2727272727272725, 0.75
7.727272727272727, 0.75
8.181818181818182, 0.75
8.636363636363637, 0.75
9.090909090909092, 0.75
9.545454545454547, 0.75
9.565217391304348, 0.78
10.0, 0.78
10.434782608695652, 0.78
10.869565217391305, 0.78
11.304347826086957, 0.78
11.73913043478261, 0.78
12.173913043478262, 0.78
12.608695652173912, 0.78
13.043478260869565, 0.78
13.478260869565217, 0.78
13.91304347826087, 0.78
14.347826086956522, 0.78
14.782608695652174, 0.78
15.217391304347828, 0.78
15.65217391304348, 0.78
16.08695652173913, 0.78
16.170212765957448, 0.79
16.595744680851062, 0.79
17.02127659574468, 0.79
17.4468085106383, 0.79
17.872340425531917, 0.79
18.29787234042553, 0.79
18.72340425531915, 0.79
18.75, 0.81
19.166666666666668, 0.81
19.583333333333332, 0.81
20.0, 0.81
20.416666666666668, 0.81
20.833333333333336, 0.81
21.25, 0.81
21.666666666666668, 0.81
21.63265306122449, 0.83
21.176470588235293, 0.86
21.568627450980394, 0.86
20.74074074074074, 0.91
21.11111111111111, 0.91
21.09090909090909, 0.94
21.454545454545453, 0.94
21.818181818181817, 0.94
22.181818181818183, 0.94
22.545454545454547, 0.94
22.90909090909091, 0.94
23.272727272727273, 0.94
23.214285714285715, 0.96
23.57142857142857, 0.96
23.92857142857143, 0.96
24.285714285714285, 0.96
24.642857142857146, 0.96
25.0, 0.96
25.357142857142854, 0.96
25.71428571428571, 0.96
26.071428571428573, 0.96
26.42857142857143, 0.96
26.31578947368421, 0.96
26.666666666666668, 0.96
27.017543859649123, 0.96
27.368421052631582, 0.96
27.241379310344826, 0.97
27.586206896551722, 0.97
27.93103448275862, 0.97
28.27586206896552, 0.97
29.310344827586203, 0.97
28.620689655172416, 0.97
30.0, 0.97
28.965517241379313, 0.97
29.655172413793103, 0.97
30.344827586206897, 0.97
30.689655172413794, 0.97
31.03448275862069, 0.97
31.379310344827587, 0.97
31.186440677966104, 0.99
31.52542372881356, 0.99
31.864406779661014, 0.99
32.20338983050847, 0.99
32.54237288135593, 0.99
32.88135593220339, 0.99
33.220338983050844, 0.99
33.559322033898304, 0.99
33.89830508474576, 0.99
34.23728813559322, 1.0
34.57627118644068, 1.0
34.91525423728813, 1.0
35.25423728813559, 1.0
35.59322033898305, 1.0
35.932203389830505, 1.0
36.271186440677965, 1.0
36.610169491525426, 1.0
36.94915254237288, 1.0
37.28813559322034, 1.0
37.6271186440678, 1.0
37.96610169491525, 1.0
38.30508474576271, 1.0
38.64406779661017, 1.0
38.983050847457626, 1.0
39.32203389830509, 1.0
39.66101694915255, 1.0
40.0, 1.0
40.33898305084746, 1.0
40.67796610169492, 1.0
41.01694915254237, 1.0
41.35593220338983, 1.0
41.69491525423729, 1.0
42.03389830508474, 1.0
42.3728813559322, 1.0
42.71186440677966, 1.0
43.050847457627114, 1.0
43.389830508474574, 1.0
43.728813559322035, 1.0
44.06779661016949, 1.0
44.40677966101695, 1.0
44.74576271186441, 1.0
45.08474576271186, 1.0
45.42372881355932, 1.0
45.76271186440678, 1.0
46.101694915254235, 1.0
46.440677966101696, 1.0
46.779661016949156, 1.0
47.11864406779661, 1.0
47.45762711864407, 1.0
47.79661016949153, 1.0
48.13559322033898, 1.0
48.47457627118644, 1.0
48.8135593220339, 1.0
49.152542372881356, 1.0
49.49152542372882, 1.01
49.83050847457628, 1.02
50.16949152542372, 1.02
50.50847457627119, 1.02
50.847457627118644, 1.02
51.186440677966104, 1.02
50.66666666666667, 1.04
51.0, 1.04
51.33333333333333, 1.04
51.66666666666667, 1.04
52.0, 1.04
51.47540983606558, 1.05
51.80327868852459, 1.05
52.131147540983605, 1.05
52.459016393442624, 1.05
52.78688524590164, 1.05
52.25806451612903, 1.07
52.58064516129032, 1.07
52.903225806451616, 1.07
53.2258064516129, 1.07
53.5483870967742, 1.07
53.01587301587302, 1.09
53.333333333333336, 1.09
53.65079365079365, 1.09
53.96825396825397, 1.09
54.285714285714285, 1.09
53.75, 1.1
54.0625, 1.1
54.37499999999999, 1.1
54.6875, 1.1
55.00000000000001, 1.1
54.46153846153846, 1.12
54.769230769230774, 1.12
55.07692307692308, 1.12
55.38461538461539, 1.12
55.69230769230769, 1.12
55.15151515151515, 1.13
55.45454545454545, 1.13
55.757575757575765, 1.13
56.060606060606055, 1.13
56.36363636363636, 1.13
56.666666666666664, 1.13
56.96969696969697, 1.13
57.27272727272727, 1.13
57.57575757575758, 1.13
57.878787878787875, 1.13
58.18181818181818, 1.13
58.484848484848484, 1.13
58.78787878787879, 1.13
59.09090909090909, 1.13
59.3939393939394, 1.14
59.696969696969695, 1.14
60.0, 1.14
60.303030303030305, 1.14
60.60606060606061, 1.14
60.909090909090914, 1.14
61.212121212121204, 1.14
61.51515151515151, 1.14
61.81818181818181, 1.14
62.121212121212125, 1.14
62.42424242424243, 1.14
62.727272727272734, 1.14
63.030303030303024, 1.14
63.33333333333333, 1.14
63.63636363636363, 1.14
63.93939393939394, 1.14
64.24242424242425, 1.14
64.54545454545455, 1.14
64.84848484848484, 1.14
65.15151515151516, 1.14
65.45454545454545, 1.14
65.75757575757576, 1.14
66.06060606060606, 1.14
65.3731343283582, 1.14
65.67164179104478, 1.14
65.97014925373135, 1.14
66.26865671641791, 1.14
66.56716417910448, 1.14
66.86567164179105, 1.14
67.16417910447761, 1.15
67.46268656716417, 1.15
67.76119402985074, 1.15
68.05970149253731, 1.15
68.35820895522387, 1.15
68.65671641791045, 1.15
67.94117647058823, 1.17
68.23529411764706, 1.17
68.52941176470588, 1.17
68.82352941176471, 1.17
69.11764705882352, 1.17
69.41176470588235, 1.17
69.70588235294117, 1.17
70.0, 1.17
70.29411764705881, 1.17
70.58823529411765, 1.17
70.88235294117648, 1.17
71.17647058823529, 1.17
70.43478260869566, 1.19
70.72463768115942, 1.19
71.01449275362319, 1.19
71.30434782608695, 1.19
71.59420289855073, 1.19
70.85714285714285, 1.2
71.14285714285714, 1.2
71.42857142857143, 1.2
71.71428571428572, 1.2
72.0, 1.2
72.28571428571429, 1.2
71.54929577464789, 1.22
71.83098591549296, 1.22
72.11267605633803, 1.22
72.3943661971831, 1.22
72.67605633802818, 1.22
71.94444444444444, 1.24
72.22222222222221, 1.24
72.5, 1.24
72.77777777777777, 1.24
73.05555555555556, 1.24
72.32876712328768, 1.25
72.6027397260274, 1.25
72.87671232876713, 1.25
73.15068493150685, 1.25
73.42465753424658, 1.25
72.70270270270271, 1.26
72.97297297297297, 1.27
73.24324324324324, 1.27
73.51351351351352, 1.27
73.78378378378379, 1.27
74.05405405405405, 1.27
73.33333333333333, 1.28
73.6, 1.29
73.86666666666667, 1.29
74.13333333333333, 1.29
74.4, 1.29
74.66666666666667, 1.29
73.94736842105263, 1.3
74.21052631578947, 1.3
74.47368421052632, 1.3
74.73684210526315, 1.3
75.0, 1.3
75.26315789473685, 1.3
75.52631578947368, 1.3
75.78947368421053, 1.31
75.06493506493507, 1.31
75.32467532467533, 1.32
75.58441558441558, 1.32
75.84415584415585, 1.32
76.1038961038961, 1.32
76.36363636363637, 1.32
75.64102564102564, 1.34
75.8974358974359, 1.34
76.15384615384615, 1.34
76.41025641025641, 1.34
76.66666666666667, 1.34
75.9493670886076, 1.34
76.20253164556962, 1.35
76.45569620253164, 1.35
76.70886075949367, 1.35
76.9620253164557, 1.35
77.21518987341773, 1.35
77.46835443037975, 1.36
76.75, 1.37
75.1219512195122, 1.4
75.36585365853658, 1.4
75.60975609756098, 1.4
74.93975903614458, 1.41
72.55813953488372, 1.47
69.55555555555556, 1.53
68.26086956521739, 1.57
67.02127659574468, 1.59
67.23404255319149, 1.6
67.4468085106383, 1.6
67.65957446808511, 1.61
67.87234042553192, 1.61
68.08510638297872, 1.61
68.29787234042554, 1.61
68.51063829787233, 1.61
67.29166666666667, 1.63
67.5, 1.63
67.0103092783505, 1.65
67.21649484536083, 1.65
67.42268041237114, 1.65
66.93877551020408, 1.67
65.14851485148515, 1.72
65.34653465346535, 1.72
65.54455445544555, 1.72
65.74257425742574, 1.72
65.29411764705883, 1.73
65.49019607843137, 1.73
65.68627450980392, 1.73
65.88235294117646, 1.73
66.07843137254902, 1.73
66.27450980392156, 1.73
66.47058823529412, 1.73
66.66666666666666, 1.73
66.86274509803921, 1.73
67.05882352941175, 1.73
67.25490196078432, 1.73
67.45098039215686, 1.73
67.64705882352942, 1.74
67.18446601941747, 1.74
67.37864077669903, 1.75
67.57281553398057, 1.75
67.76699029126215, 1.75
67.96116504854369, 1.75
68.15533980582525, 1.75
68.3495145631068, 1.75
68.54368932038835, 1.75
68.73786407766991, 1.75
67.61904761904762, 1.78
67.80952380952381, 1.78
68.0, 1.78
68.19047619047619, 1.78
68.38095238095238, 1.78
68.57142857142857, 1.78
68.76190476190476, 1.78
68.95238095238095, 1.78
69.14285714285714, 1.78
69.33333333333334, 1.78
69.52380952380952, 1.78
69.71428571428572, 1.78
69.9047619047619, 1.78
70.0952380952381, 1.78
70.28571428571428, 1.78
70.47619047619048, 1.78
70.0, 1.79
70.18867924528301, 1.79
70.37735849056604, 1.79
70.56603773584905, 1.79
70.75471698113208, 1.79
70.94339622641509, 1.79
71.1320754716981, 1.79
70.65420560747664, 1.81
70.8411214953271, 1.81
71.02803738317756, 1.81
71.21495327102804, 1.81
71.40186915887851, 1.81
71.58878504672897, 1.81
71.77570093457943, 1.81
71.96261682242991, 1.81
71.48148148148148, 1.84
71.0091743119266, 1.86
71.19266055045873, 1.86
71.37614678899082, 1.86
70.9090909090909, 1.86
70.45045045045045, 1.87
70.0, 1.9
69.5575221238938, 1.91
69.73451327433628, 1.91
69.91150442477876, 1.91
70.08849557522124, 1.92
69.64912280701753, 1.94
69.82456140350877, 1.94
70.0, 1.94
70.17543859649122, 1.94
67.96610169491527, 1.99
68.13559322033899, 1.99
68.30508474576271, 1.99
68.47457627118644, 1.99
68.64406779661016, 1.99
68.8135593220339, 1.99
68.98305084745763, 1.99
69.15254237288136, 1.99
69.32203389830508, 1.99
69.49152542372882, 2.0
69.66101694915254, 2.0
69.83050847457626, 2.0
70.0, 2.0
70.16949152542374, 2.0
70.33898305084746, 2.0
70.50847457627118, 2.0
70.6779661016949, 2.0
70.84745762711864, 2.0
71.01694915254238, 2.0
71.1864406779661, 2.0
71.35593220338983, 2.0
71.52542372881356, 2.0
71.69491525423729, 2.0
71.86440677966101, 2.0
72.03389830508475, 2.0
72.20338983050848, 2.0
72.37288135593221, 2.0
72.54237288135593, 2.0
72.71186440677965, 2.0
72.88135593220339, 2.0
73.05084745762713, 2.01
73.22033898305085, 2.01
72.77310924369748, 2.02
72.94117647058823, 2.02
73.10924369747899, 2.02
73.27731092436974, 2.02
72.83333333333334, 2.04
73.0, 2.04
73.16666666666667, 2.04
73.33333333333333, 2.04
73.5, 2.04
73.66666666666667, 2.04
73.34437086092716, 2.05
73.50993377483444, 2.05
73.67549668874173, 2.05
73.84105960264901, 2.05
74.00662251655629, 2.06
73.5632183908046, 2.07
73.72742200328408, 2.07
73.89162561576354, 2.07
74.05582922824301, 2.07
74.2200328407225, 2.07
73.7785016286645, 2.09
73.9413680781759, 2.09
74.1042345276873, 2.09
74.2671009771987, 2.09
73.82875605815832, 2.09
73.99030694668821, 2.1
74.1518578352181, 2.1
74.31340872374797, 2.1
74.47495961227787, 2.11
74.63651050080774, 2.11
74.79806138933765, 2.11
74.95961227786752, 2.11
74.51923076923077, 2.11
74.67948717948718, 2.11
74.83974358974359, 2.12
75.0, 2.12
75.16025641025641, 2.12
75.32051282051282, 2.12
74.88076311605724, 2.13
75.03974562798092, 2.13
75.19872813990462, 2.13
75.3577106518283, 2.13
75.516693163752, 2.13
75.67567567567568, 2.13
75.83465818759937, 2.13
75.99364069952306, 2.13
76.15262321144675, 2.13
76.31160572337043, 2.13
76.47058823529412, 2.13
76.6295707472178, 2.13
76.7885532591415, 2.14
76.94753577106518, 2.14
77.10651828298887, 2.14
77.26550079491255, 2.14
77.42448330683625, 2.14
77.58346581875993, 2.14
77.74244833068363, 2.14
77.90143084260731, 2.14
78.060413354531, 2.14
78.21939586645469, 2.14
78.37837837837837, 2.14
78.53736089030207, 2.14
78.69634340222575, 2.14
78.85532591414945, 2.14
78.39116719242902, 2.14
78.54889589905363, 2.14
78.70662460567823, 2.14
78.86435331230284, 2.15
79.02208201892745, 2.15
79.17981072555204, 2.15
79.33753943217665, 2.15
79.49526813880126, 2.16
79.02973395931141, 2.16
79.18622848200313, 2.16
79.34272300469483, 2.17
79.49921752738655, 2.17
79.65571205007824, 2.17
79.81220657276995, 2.17
79.34782608695652, 2.18
79.5031055900621, 2.18
79.65838509316771, 2.19
79.8136645962733, 2.19
79.96894409937887, 2.19
80.12422360248446, 2.19
79.66101694915254, 2.2
79.81510015408321, 2.2
79.96918335901387, 2.2
80.12326656394453, 2.2
80.2773497688752, 2.2
80.43143297380585, 2.21
79.96941896024465, 2.21
80.1223241590214, 2.21
80.27522935779817, 2.22
80.42813455657493, 2.22
80.58103975535168, 2.22
80.73394495412845, 2.22
80.8868501529052, 2.22
81.03975535168195, 2.22
81.19266055045871, 2.22
80.72837632776935, 2.23
80.88012139605463, 2.24
81.03186646433991, 2.24
80.57228915662651, 2.25
80.72289156626506, 2.25
80.87349397590361, 2.25
80.53892215568862, 2.26
80.688622754491, 2.26
80.83832335329342, 2.26
80.98802395209582, 2.27
81.1377245508982, 2.27
81.2874251497006, 2.27
81.437125748503, 2.27
81.58682634730539, 2.27
81.73652694610777, 2.27
81.88622754491018, 2.27
82.03592814371258, 2.27
82.18562874251496, 2.27
81.72362555720653, 2.28
81.87221396731054, 2.28
82.02080237741455, 2.29
82.16939078751857, 2.29
82.31797919762258, 2.29
82.46656760772659, 2.29
82.00589970501476, 2.3
82.15339233038348, 2.3
82.30088495575221, 2.3
82.44837758112095, 2.3
82.59587020648968, 2.31
82.7433628318584, 2.31
82.89085545722715, 2.31
82.55131964809385, 2.31
82.69794721407625, 2.32
82.84457478005865, 2.32
82.38719068413391, 2.33
82.53275109170306, 2.33
82.6783114992722, 2.33
82.82387190684133, 2.33
82.96943231441048, 2.33
83.11499272197962, 2.34
83.26055312954877, 2.34
83.4061135371179, 2.34
83.55167394468704, 2.34
83.69723435225619, 2.34
83.3574529667149, 2.35
83.50217076700434, 2.35
83.64688856729377, 2.36
83.79160636758321, 2.36
83.33333333333334, 2.36
83.47701149425288, 2.36
83.62068965517241, 2.36
83.76436781609196, 2.37
83.9080459770115, 2.37
84.05172413793103, 2.37
83.59486447931526, 2.39
83.73751783166904, 2.39
83.28611898016997, 2.39
83.42776203966005, 2.4
83.56940509915015, 2.4
83.71104815864022, 2.4
83.85269121813032, 2.4
83.9943342776204, 2.4
84.13597733711048, 2.41
83.68495077355837, 2.41
83.82559774964838, 2.41
83.96624472573839, 2.42
84.10689170182842, 2.42
84.12921348314607, 2.43
83.79888268156425, 2.43
83.93854748603353, 2.43
84.07821229050279, 2.43
84.21787709497207, 2.44
84.35754189944134, 2.44
84.4972067039106, 2.44
84.0499306518724, 2.44
84.1886269070735, 2.45
84.32732316227461, 2.46
83.88429752066115, 2.46
84.02203856749311, 2.47
84.15977961432507, 2.47
84.29752066115702, 2.47
84.43526170798899, 2.47
84.57300275482093, 2.47
84.71074380165288, 2.47
84.26812585499316, 2.48
84.40492476060192, 2.49
83.96739130434783, 2.51
82.97587131367293, 2.53
83.10991957104558, 2.53
82.68974700399467, 2.54
82.82290279627163, 2.55
82.4074074074074, 2.57
82.53968253968253, 2.57
81.59268929503916, 2.59
81.72323759791122, 2.61
81.8537859007833, 2.61
81.98433420365535, 2.61
81.58236057068741, 2.62
81.71206225680933, 2.62
81.84176394293125, 2.62
81.44329896907216, 2.63
81.5721649484536, 2.63
81.17797695262485, 2.65
81.30601792573624, 2.65
81.43405889884762, 2.65
80.0251256281407, 2.71
79.65043695380774, 2.72
79.7752808988764, 2.72
79.90012484394506, 2.72
80.02496878901373, 2.72
79.65260545905707, 2.73
79.77667493796527, 2.73
79.90074441687345, 2.73
80.02481389578163, 2.73
80.14888337468983, 2.73
80.27295285359801, 2.73
80.39702233250621, 2.73
80.5210918114144, 2.73
80.64516129032258, 2.73
80.76923076923077, 2.73
80.89330024813896, 2.73
81.01736972704715, 2.73
81.14143920595534, 2.74
81.26550868486352, 2.74
80.8877928483354, 2.74
81.0110974106042, 2.75
81.134401972873, 2.75
81.2577065351418, 2.75
81.3810110974106, 2.75
81.5043156596794, 2.75
81.62762022194822, 2.75
81.75092478421702, 2.75
81.87422934648582, 2.75
81.99753390875463, 2.76
82.12083847102343, 2.76
82.24414303329223, 2.76
82.36744759556103, 2.76
81.98529411764706, 2.77
81.60779537149817, 2.78
81.72959805115713, 2.78
81.97320341047502, 2.78
82.09500609013398, 2.78
81.85140073081608, 2.78
82.21680876979293, 2.78
82.33861144945189, 2.78
82.46041412911083, 2.78
82.58221680876979, 2.78
82.70401948842874, 2.78
82.8258221680877, 2.78
82.94762484774665, 2.78
83.06942752740561, 2.78
83.19123020706456, 2.78
83.3130328867235, 2.78
83.43483556638246, 2.78
83.05084745762711, 2.79
83.17191283292978, 2.79
83.29297820823246, 2.79
83.41404358353512, 2.79
83.53510895883777, 2.79
83.65617433414043, 2.79
83.7772397094431, 2.79
83.89830508474576, 2.81
84.01937046004842, 2.81
84.14043583535108, 2.81
83.75451263537906, 2.81
83.8748495788207, 2.81
83.99518652226233, 2.81
84.11552346570397, 2.81
84.23586040914562, 2.81
84.35619735258724, 2.81
84.47653429602889, 2.81
84.59687123947052, 2.81
84.21052631578947, 2.84
84.33014354066985, 2.84
83.94768133174792, 2.86
84.0665873959572, 2.86
84.18549346016647, 2.86
84.30439952437574, 2.86
82.94392523364486, 2.9
83.06074766355141, 2.91
82.69454123112659, 2.91
82.81068524970964, 2.91
82.92682926829268, 2.91
83.04297328687572, 2.92
82.77456647398844, 2.94
81.47727272727273, 2.98
81.5909090909091, 2.99
81.70454545454545, 2.99
81.81818181818183, 2.99
81.93181818181819, 2.99
82.04545454545455, 2.99
82.1590909090909, 2.99
82.27272727272728, 2.99
82.38636363636364, 2.99
82.5, 2.99
82.61363636363637, 2.99
82.25988700564972, 3.0
82.37288135593221, 3.0
82.48587570621469, 3.0
82.59887005649718, 3.0
82.71186440677965, 3.0
82.82485875706215, 3.0
82.93785310734462, 3.0
83.05084745762711, 3.0
83.1638418079096, 3.0
83.2768361581921, 3.0
83.38983050847457, 3.0
83.50282485875707, 3.0
83.61581920903954, 3.0
83.72881355932203, 3.0
83.84180790960451, 3.0
83.954802259887, 3.0
84.06779661016948, 3.01
84.18079096045197, 3.01
83.82022471910112, 3.02
83.93258426966293, 3.02
83.57541899441341, 3.04
83.68715083798882, 3.04
83.79888268156425, 3.04
83.44444444444444, 3.05
83.55555555555556, 3.05
83.66666666666667, 3.05
83.77777777777777, 3.06
83.42541436464089, 3.07
83.53591160220995, 3.07
83.64640883977901, 3.07
83.75690607734808, 3.07
83.40659340659342, 3.09
83.51648351648352, 3.09
83.62637362637363, 3.09
83.73626373626374, 3.09
83.84615384615385, 3.09
83.95604395604396, 3.09
84.06593406593407, 3.09
84.17582417582418, 3.09
83.82513661202185, 3.1
83.93442622950819, 3.1
84.04371584699454, 3.1
84.15300546448088, 3.11
84.26229508196721, 3.11
84.00435255712732, 3.12
84.11316648531012, 3.12
84.22198041349293, 3.12
84.33079434167573, 3.13
84.43960826985855, 3.13
84.0909090909091, 3.13
84.19913419913419, 3.13
84.3073593073593, 3.13
84.4155844155844, 3.13
84.52380952380952, 3.13
84.63203463203463, 3.13
84.74025974025975, 3.13
84.84848484848484, 3.13
84.95670995670996, 3.13
85.06493506493507, 3.13
85.17316017316018, 3.14
85.28138528138528, 3.14
85.3896103896104, 3.14
85.4978354978355, 3.14
85.60606060606061, 3.14
85.71428571428571, 3.14
85.36060279870829, 3.14
85.46824542518837, 3.15
85.57588805166846, 3.15
85.68353067814854, 3.15
85.79117330462863, 3.15
85.89881593110871, 3.16
86.0064585575888, 3.16
85.65310492505354, 3.17
85.76017130620986, 3.17
85.86723768736617, 3.17
85.97430406852249, 3.17
86.0813704496788, 3.17
85.72949946751864, 3.18
85.8359957401491, 3.18
85.94249201277955, 3.19
86.04898828541, 3.19
86.15548455804047, 3.19
86.26198083067092, 3.19
86.36847710330139, 3.19
86.47497337593184, 3.19
86.12288135593221, 3.2
86.22881355932203, 3.2
86.33474576271186, 3.2
86.4406779661017, 3.2
86.54661016949152, 3.21
86.65254237288136, 3.21
86.75847457627118, 3.21
86.86440677966102, 3.21
86.51211801896733, 3.22
86.61749209694415, 3.22
86.72286617492097, 3.22
86.82824025289779, 3.22
86.9336143308746, 3.22
87.03898840885142, 3.22
87.14436248682824, 3.22
87.24973656480506, 3.22
87.35511064278188, 3.23
87.0020964360587, 3.24
87.10691823899371, 3.24
87.21174004192872, 3.24
86.86131386861314, 3.26
86.96558915537018, 3.26
86.61825726141079, 3.26
86.72199170124482, 3.26
86.82572614107885, 3.27
86.92946058091286, 3.27
87.03319502074689, 3.27
87.13692946058092, 3.27
87.24066390041494, 3.27
87.34439834024896, 3.27
87.44813278008299, 3.28
87.55186721991701, 3.28
87.20330237358101, 3.28
87.30650154798761, 3.28
87.40970072239422, 3.28
87.51289989680082, 3.29
87.61609907120743, 3.29
87.71929824561403, 3.29
87.82249742002064, 3.29
87.47433264887063, 3.3
87.57700205338809, 3.3
87.67967145790554, 3.3
87.782340862423, 3.3
87.88501026694045, 3.3
87.98767967145791, 3.31
88.09034907597535, 3.31
87.74259448416751, 3.31
87.84473953013278, 3.31
87.94688457609806, 3.32
88.04902962206333, 3.32
88.1511746680286, 3.33
87.8048780487805, 3.33
87.90650406504065, 3.33
88.00813008130082, 3.33
88.10975609756098, 3.34
88.21138211382113, 3.34
88.3130081300813, 3.34
88.41463414634147, 3.34
88.51626016260163, 3.34
88.6178861788618, 3.34
88.27098078867543, 3.35
88.37209302325581, 3.35
88.4732052578362, 3.36
88.57431749241658, 3.36
88.67542972699697, 3.36
88.77654196157735, 3.36
88.43058350100603, 3.36
88.53118712273643, 3.36
88.6317907444668, 3.36
88.73239436619718, 3.37
88.83299798792757, 3.37
88.93360160965796, 3.38
89.03420523138833, 3.38
88.68868868868869, 3.38
88.78878878878879, 3.39
88.88888888888889, 3.39
88.54581673306772, 3.39
88.64541832669323, 3.4
88.74501992031873, 3.4
88.84462151394422, 3.4
88.94422310756973, 3.4
89.04382470119522, 3.4
88.70168483647176, 3.41
88.800792864222, 3.41
88.89990089197225, 3.42
88.56015779092702, 3.43
88.65877712031558, 3.43
88.75739644970415, 3.43
88.8560157790927, 3.44
88.95463510848126, 3.44
89.05325443786982, 3.44
89.15187376725838, 3.44
89.25049309664695, 3.44
89.3491124260355, 3.44
89.44773175542406, 3.44
89.10696761530913, 3.45
88.76953125, 3.46
88.8671875, 3.46
88.96484375, 3.47
89.0625, 3.47
89.16015625, 3.47
89.2578125, 3.47
89.35546875, 3.48
89.0184645286686, 3.48
89.1156462585034, 3.48
89.21282798833819, 3.49
89.31000971817298, 3.49
89.40719144800778, 3.49
89.07156673114119, 3.5
89.16827852998065, 3.51
89.26499032882012, 3.51
89.36170212765957, 3.51
89.0279114533205, 3.53
88.69731800766284, 3.53
88.79310344827587, 3.54
88.465204957102, 3.55
88.56053384175405, 3.56
87.81869688385268, 3.59
87.5, 3.59
87.59398496240601, 3.61
87.68796992481202, 3.61
87.37137511693172, 3.62
87.46492048643593, 3.62
87.55846585594013, 3.62
86.83966635773864, 3.65
86.93234476367007, 3.65
86.62361623616236, 3.67
86.71586715867159, 3.68
86.80811808118081, 3.68
86.10603290676416, 3.7
86.19744058500915, 3.7
86.28884826325411, 3.71
86.38025594149909, 3.71
86.07825295723384, 3.71
86.16924476797088, 3.72
86.26023657870792, 3.72
86.35122838944494, 3.72
86.44222020018198, 3.72
86.1413043478261, 3.73
86.23188405797102, 3.73
86.32246376811594, 3.73
86.41304347826086, 3.73
86.5036231884058, 3.73
86.59420289855072, 3.74
86.29395852119026, 3.75
86.38412984670875, 3.75
86.47430117222723, 3.75
86.56447249774571, 3.75
86.6546438232642, 3.75
86.74481514878268, 3.75
86.83498647430116, 3.75
86.92515779981966, 3.75
87.01532912533814, 3.76
87.10550045085664, 3.76
87.19567177637512, 3.76
87.2858431018936, 3.76
87.37601442741209, 3.76
87.46618575293057, 3.76
87.55635707844905, 3.76
87.25314183123878, 3.77
87.34290843806104, 3.77
87.4326750448833, 3.78
87.52244165170556, 3.78
87.61220825852783, 3.78
87.70197486535008, 3.78
87.79174147217235, 3.78
87.88150807899461, 3.78
87.97127468581688, 3.78
88.06104129263915, 3.78
88.1508078994614, 3.78
88.24057450628366, 3.78
88.33034111310593, 3.78
88.42010771992818, 3.78
88.50987432675045, 3.78
88.59964093357272, 3.78
88.68940754039497, 3.78
88.77917414721723, 3.78
88.8689407540395, 3.78
88.95870736086175, 3.78
88.65058087578194, 3.79
88.73994638069705, 3.79
88.82931188561216, 3.79
88.91867739052725, 3.79
89.00804289544236, 3.79
89.09740840035745, 3.79
88.79003558718861, 3.79
88.87900355871886, 3.79
88.96797153024912, 3.81
89.05693950177937, 3.81
89.1459074733096, 3.81
89.23487544483986, 3.81
88.92825509300266, 3.81
89.01682905225864, 3.81
89.10540301151461, 3.81
89.19397697077059, 3.81
89.28255093002657, 3.81
89.37112488928256, 3.81
89.45969884853852, 3.81
89.5482728077945, 3.81
89.63684676705049, 3.83
89.72542072630647, 3.83
89.81399468556245, 3.83
89.90256864481843, 3.83
89.59435626102292, 3.84
89.28884986830553, 3.85
89.3766461808604, 3.86
88.6858137510879, 3.89
88.38821490467937, 3.9
88.47487001733101, 3.91
88.56152512998267, 3.91
88.64818024263431, 3.91
88.73483535528595, 3.91
88.43830888697153, 3.92
87.76732249786143, 3.96
87.85286569717708, 3.96
87.56388415672913, 3.98
87.64906303236796, 3.98
87.36217133163699, 3.99
87.44698897370652, 3.99
87.53180661577609, 3.99
87.61662425784563, 3.99
87.70144189991518, 3.99
87.78625954198473, 3.99
87.87107718405429, 3.99
87.58445945945947, 4.0
87.66891891891892, 4.0
87.75337837837837, 4.0
87.83783783783784, 4.0
87.9222972972973, 4.0
88.00675675675676, 4.0
88.09121621621621, 4.0
88.17567567567568, 4.0
88.26013513513513, 4.0
88.3445945945946, 4.0
88.42905405405406, 4.0
88.51351351351352, 4.0
88.59797297297297, 4.0
88.68243243243244, 4.01
88.7668918918919, 4.01
88.47771236333053, 4.02
88.56181665264928, 4.02
88.2747068676717, 4.04
88.35845896147404, 4.04
88.44221105527639, 4.04
88.52596314907872, 4.04
88.60971524288107, 4.04
88.32360300250208, 4.05
88.4070058381985, 4.05
88.49040867389492, 4.05
88.57381150959132, 4.06
88.65721434528774, 4.06
88.74061718098415, 4.06
88.45514950166114, 4.07
88.53820598006644, 4.07
88.62126245847176, 4.07
88.70431893687709, 4.08
88.78737541528238, 4.08
88.87043189368771, 4.08
88.58560794044665, 4.09
88.66832092638545, 4.09
88.75103391232425, 4.09
88.83374689826302, 4.09
88.91645988420181, 4.09
88.99917287014061, 4.09
89.0818858560794, 4.09
89.1645988420182, 4.09
88.87973640856673, 4.1
88.96210873146623, 4.1
89.04448105436573, 4.1
89.12685337726523, 4.1
89.20922570016474, 4.11
88.9253486464315, 4.12
89.00738310090239, 4.12
89.08941755537325, 4.12
89.17145200984413, 4.12
89.25348646431502, 4.13
88.97058823529412, 4.13
89.05228758169935, 4.13
89.13398692810458, 4.13
89.2156862745098, 4.13
89.29738562091504, 4.13
89.37908496732027, 4.13
89.4607843137255, 4.13
89.54248366013073, 4.13
89.62418300653596, 4.13
89.70588235294117, 4.13
89.7875816993464, 4.13
89.86928104575163, 4.14
89.95098039215686, 4.14
90.0326797385621, 4.14
90.11437908496733, 4.14
90.19607843137256, 4.14
89.91049633848658, 4.15
89.99186330349877, 4.15
90.07323026851098, 4.15
90.15459723352319, 4.15
90.23596419853538, 4.16
89.9513776337115, 4.17
90.03241491085899, 4.17
90.11345218800648, 4.17
90.19448946515396, 4.17
89.91121872477804, 4.18
89.99192897497981, 4.18
90.07263922518159, 4.19
90.15334947538337, 4.19
90.23405972558514, 4.19
90.31476997578693, 4.19
90.3954802259887, 4.19
90.11254019292605, 4.2
90.19292604501608, 4.2
90.27331189710611, 4.2
90.35369774919614, 4.2
90.43408360128618, 4.21
90.5144694533762, 4.21
90.59485530546624, 4.21
90.31224979983988, 4.22
90.39231385108086, 4.22
90.47237790232185, 4.22
90.55244195356285, 4.22
90.63250600480384, 4.22
90.71257005604484, 4.22
90.79263410728583, 4.23
90.87269815852682, 4.23
90.95276220976781, 4.23
91.03282626100881, 4.23
91.11289031224979, 4.23
90.82934609250398, 4.24
90.9090909090909, 4.24
90.98883572567783, 4.24
91.06858054226475, 4.24
90.78633836378079, 4.26
90.86576648133439, 4.26
90.58544303797468, 4.26
90.66455696202532, 4.27
90.74367088607595, 4.27
90.82278481012658, 4.27
90.90189873417721, 4.27
90.98101265822784, 4.27
91.06012658227847, 4.27
91.13924050632912, 4.28
91.21835443037975, 4.28
90.9377462568952, 4.28
91.01654846335697, 4.28
91.09535066981876, 4.29
91.17415287628053, 4.29
91.25295508274232, 4.29
91.33175728920409, 4.29
91.41055949566588, 4.29
91.48936170212765, 4.29
91.56816390858944, 4.29
91.287284144427, 4.3
91.3657770800628, 4.3
91.44427001569859, 4.3
91.52276295133439, 4.3
91.60125588697016, 4.3
91.67974882260597, 4.31
91.75824175824175, 4.31
91.83673469387756, 4.31
91.55590304925724, 4.31
91.63408913213448, 4.32
91.71227521501173, 4.33
91.79046129788898, 4.33
91.86864738076622, 4.33
91.94683346364347, 4.33
92.02501954652071, 4.33
92.10320562939796, 4.33
91.82242990654206, 4.33
91.90031152647975, 4.34
91.97819314641744, 4.34
92.05607476635514, 4.34
92.13395638629284, 4.34
91.85415050426687, 4.35
91.93173002327386, 4.35
91.65378670788253, 4.36
91.73106646058733, 4.36
91.80834621329211, 4.36
91.88562596599691, 4.36
91.9629057187017, 4.37
92.04018547140649, 4.37
92.11746522411129, 4.38
91.91063174114021, 4.38
91.98767334360555, 4.39
91.71143514965465, 4.4
91.78818112049117, 4.4
91.86492709132771, 4.4
91.94167306216423, 4.4
92.01841903300077, 4.4
92.0951650038373, 4.41
92.17191097467384, 4.41
92.24865694551036, 4.41
92.32540291634689, 4.41
92.04892966360856, 4.42
92.12538226299695, 4.43
92.20183486238533, 4.43
92.2782874617737, 4.43
92.003046458492, 4.43
92.07920792079209, 4.43
92.15536938309215, 4.44
92.23153084539223, 4.44
92.3076923076923, 4.44
92.38385376999238, 4.44
92.1092564491654, 4.45
91.83673469387756, 4.46
91.91232048374906, 4.46
91.98790627362055, 4.47
92.06349206349206, 4.47
92.13907785336357, 4.47
92.21466364323507, 4.47
92.29024943310658, 4.47
92.36583522297808, 4.48
92.44142101284959, 4.48
92.51700680272108, 4.48
92.24397590361446, 4.49
92.31927710843374, 4.49
92.39457831325302, 4.49
92.12303075768942, 4.5
92.1980495123781, 4.5
92.27306826706678, 4.51
92.00298953662183, 4.53
92.07772795216741, 4.53
92.152466367713, 4.53
91.95230998509687, 4.53
92.02682563338301, 4.53
91.75946547884188, 4.55
91.49408284023669, 4.57
91.5680473372781, 4.57
91.64201183431953, 4.57
91.71597633136095, 4.57
91.45173176123802, 4.58
91.52542372881356, 4.59
91.59911569638909, 4.59
91.67280766396463, 4.6
91.74649963154016, 4.6
91.48311306901616, 4.61
91.55653450807635, 4.61
91.62995594713657, 4.61
91.70337738619678, 4.61
91.441111923921, 4.62
91.51426481346013, 4.62
91.25364431486881, 4.64
90.99491648511257, 4.65
91.06753812636165, 4.65
91.14015976761075, 4.65
90.88277858176555, 4.67
90.95513748191027, 4.67
91.02749638205499, 4.67
91.09985528219971, 4.68
91.17221418234442, 4.68
90.91564527757751, 4.69
90.66091954022988, 4.7
90.73275862068965, 4.7
90.80459770114942, 4.71
90.87643678160919, 4.71
90.62276306370795, 4.71
90.69434502505369, 4.72
90.76592698639942, 4.72
90.83750894774518, 4.73
90.9090909090909, 4.73
90.98067287043665, 4.73
90.72753209700429, 4.73
90.79885877318117, 4.74
90.87018544935806, 4.74
90.94151212553496, 4.74
91.01283880171184, 4.75
90.76048329779674, 4.75
90.8315565031983, 4.75
90.90262970859986, 4.75
90.97370291400142, 4.75
91.04477611940298, 4.75
91.11584932480456, 4.76
91.18692253020612, 4.76
91.25799573560768, 4.76
91.32906894100924, 4.76
91.4001421464108, 4.76
91.14730878186968, 4.77
91.21813031161473, 4.77
91.28895184135978, 4.78
91.35977337110481, 4.78
91.43059490084985, 4.78
91.5014164305949, 4.78
91.57223796033995, 4.78
91.643059490085, 4.78
91.71388101983003, 4.78
91.78470254957507, 4.78
91.53140437544107, 4.79
91.60197600564574, 4.79
91.67254763585039, 4.79
91.74311926605505, 4.79
91.8136908962597, 4.79
91.56118143459916, 4.8
91.63150492264415, 4.81
91.70182841068917, 4.81
91.77215189873418, 4.81
91.84247538677918, 4.81
91.91279887482419, 4.81
91.9831223628692, 4.81
92.0534458509142, 4.81
92.12376933895922, 4.81
92.19409282700421, 4.81
92.26441631504923, 4.81
92.33473980309424, 4.81
92.0812894183602, 4.82
92.15136650315347, 4.82
92.22144358794674, 4.82
92.29152067274, 4.82
92.36159775753329, 4.82
92.43167484232656, 4.82
92.17877094972067, 4.84
92.24860335195531, 4.84
92.31843575418995, 4.84
92.38826815642457, 4.84
92.45810055865921, 4.84
92.52793296089385, 4.84
92.27557411273486, 4.85
92.34516353514266, 4.85
92.41475295755045, 4.86
92.48434237995825, 4.86
92.55393180236604, 4.86
92.62352122477382, 4.86
92.37170596393898, 4.87
92.44105409153953, 4.88
92.51040221914009, 4.88
92.57975034674064, 4.88
92.32895646164478, 4.88
92.39806496199033, 4.88
92.46717346233588, 4.89
92.21763085399449, 4.9
92.28650137741047, 4.91
92.35537190082644, 4.91
92.42424242424242, 4.91
92.4931129476584, 4.91
92.56198347107438, 4.91
92.63085399449037, 4.91
92.69972451790633, 4.91
92.76859504132231, 4.91
92.51887439945092, 4.92
92.58750857927248, 4.93
92.33926128590971, 4.94
92.4076607387141, 4.94
92.47606019151847, 4.94
92.54445964432284, 4.94
92.61285909712723, 4.94
92.6812585499316, 4.95
92.74965800273598, 4.95
92.50170415814588, 4.95
92.5698704839809, 4.96
92.63803680981594, 4.96
92.3913043478261, 4.98
92.45923913043478, 4.98
92.21394719025051, 4.99
92.2816519972918, 4.99
92.3493568043331, 4.99
92.41706161137441, 4.99
92.4847664184157, 4.99
92.55247122545701, 4.99
92.6201760324983, 4.99
92.6878808395396, 4.99
92.75558564658091, 4.99
92.8232904536222, 5.0
92.89099526066352, 5.0
92.6450742240216, 5.0
92.71255060728745, 5.0
92.78002699055331, 5.0
requests, 1482
errors, 1375
