Infinity, 0.01
Infinity, 0.01
8.571428571428571, 0.13
11.428571428571429, 0.13
14.285714285714285, 0.13
17.142857142857142, 0.13
20.0, 0.13
22.857142857142858, 0.13
22.5, 0.14
25.0, 0.15
27.500000000000004, 0.15
32.5, 0.15
30.0, 0.15
35.0, 0.15
37.5, 0.15
40.0, 0.15
42.5, 0.15
45.0, 0.15
47.5, 0.15
50.0, 0.15
46.666666666666664, 0.16
48.888888888888886, 0.16
51.11111111111111, 0.16
53.333333333333336, 0.16
55.55555555555556, 0.16
57.77777777777777, 0.16
60.0, 0.16
50.90909090909091, 0.2
52.72727272727272, 0.2
54.54545454545454, 0.2
15.121951219512194, 0.7
15.238095238095239, 0.71
15.348837209302326, 0.73
15.813953488372093, 0.73
15.909090909090908, 0.75
16.363636363636363, 0.75
16.818181818181817, 0.75
17.272727272727273, 0.75
17.727272727272727, 0.75
17.699115044247787, 0.77
18.141592920353983, 0.77
18.58407079646018, 0.77
19.02654867256637, 0.77
19.469026548672566, 0.77
19.911504424778762, 0.77
20.353982300884958, 0.77
20.79646017699115, 0.77
20.77922077922078, 0.79
21.21212121212121, 0.79
21.645021645021643, 0.79
21.25, 0.81
21.666666666666668, 0.81
22.083333333333332, 0.81
22.040816326530614, 0.83
22.448979591836736, 0.83
22.857142857142858, 0.83
23.26530612244898, 0.83
23.6734693877551, 0.83
23.599999999999998, 0.85
22.988505747126435, 0.89
23.371647509578544, 0.89
23.308270676691727, 0.91
23.684210526315788, 0.91
24.06015037593985, 0.91
24.43609022556391, 0.91
24.0, 0.94
24.363636363636363, 0.94
24.727272727272727, 0.94
25.09090909090909, 0.94
25.454545454545453, 0.94
25.818181818181817, 0.94
26.181818181818183, 0.94
26.071428571428573, 0.95
26.42857142857143, 0.95
26.31578947368421, 0.97
26.666666666666668, 0.97
27.017543859649123, 0.97
27.368421052631582, 0.97
27.719298245614034, 0.97
28.07017543859649, 0.97
28.421052631578945, 0.97
28.27586206896552, 0.99
28.620689655172416, 0.99
28.965517241379313, 0.99
29.655172413793103, 0.99
30.0, 0.99
30.344827586206897, 0.99
30.689655172413794, 0.99
29.310344827586203, 0.99
31.03448275862069, 0.99
30.847457627118647, 1.0
31.186440677966104, 1.0
31.52542372881356, 1.0
31.864406779661014, 1.0
32.20338983050847, 1.0
32.54237288135593, 1.0
32.88135593220339, 1.0
33.220338983050844, 1.0
33.559322033898304, 1.0
33.89830508474576, 1.0
34.23728813559322, 1.0
34.57627118644068, 1.0
34.91525423728813, 1.0
35.25423728813559, 1.0
35.59322033898305, 1.01
35.932203389830505, 1.01
36.271186440677965, 1.01
36.610169491525426, 1.01
36.94915254237288, 1.01
37.28813559322034, 1.01
37.6271186440678, 1.01
37.96610169491525, 1.01
38.30508474576271, 1.01
38.64406779661017, 1.01
38.983050847457626, 1.01
39.32203389830509, 1.01
39.66101694915255, 1.01
40.0, 1.01
40.33898305084746, 1.01
40.67796610169492, 1.01
41.35593220338983, 1.01
41.01694915254237, 1.01
41.69491525423729, 1.01
42.3728813559322, 1.01
42.03389830508474, 1.01
42.71186440677966, 1.01
43.050847457627114, 1.01
43.389830508474574, 1.01
43.728813559322035, 1.01
44.06779661016949, 1.01
44.40677966101695, 1.01
44.74576271186441, 1.01
45.08474576271186, 1.01
45.42372881355932, 1.01
45.76271186440678, 1.01
46.101694915254235, 1.01
46.440677966101696, 1.01
46.779661016949156, 1.01
47.11864406779661, 1.01
47.45762711864407, 1.01
47.79661016949153, 1.01
48.13559322033898, 1.01
48.47457627118644, 1.01
48.8135593220339, 1.01
49.152542372881356, 1.01
49.49152542372882, 1.01
49.83050847457628, 1.01
53.898305084745765, 1.01
54.23728813559322, 1.01
54.57627118644067, 1.01
51.186440677966104, 1.01
54.91525423728814, 1.01
55.254237288135585, 1.01
50.50847457627119, 1.01
51.52542372881356, 1.01
51.864406779661024, 1.01
52.20338983050847, 1.01
52.54237288135594, 1.01
55.59322033898305, 1.01
52.88135593220339, 1.01
50.16949152542372, 1.01
53.559322033898304, 1.01
55.932203389830505, 1.01
50.847457627118644, 1.01
53.22033898305085, 1.01
56.271186440677965, 1.01
56.61016949152542, 1.01
56.949152542372886, 1.01
64.7457627118644, 1.01
65.08474576271186, 1.01
65.42372881355932, 1.01
65.76271186440678, 1.01
57.28813559322033, 1.01
66.10169491525424, 1.01
66.44067796610169, 1.01
66.77966101694915, 1.01
67.11864406779661, 1.01
69.49152542372882, 1.01
57.6271186440678, 1.01
60.67796610169491, 1.01
60.33898305084746, 1.01
69.83050847457626, 1.01
61.694915254237294, 1.01
61.35593220338983, 1.01
62.03389830508475, 1.01
62.37288135593221, 1.01
61.016949152542374, 1.01
63.05084745762712, 1.01
63.389830508474574, 1.01
63.72881355932203, 1.01
64.0677966101695, 1.01
64.40677966101694, 1.01
58.30508474576271, 1.01
68.13559322033899, 1.01
58.644067796610166, 1.01
68.47457627118644, 1.01
58.98305084745763, 1.01
59.32203389830508, 1.01
59.66101694915255, 1.01
57.96610169491525, 1.01
68.8135593220339, 1.01
60.0, 1.01
69.15254237288136, 1.01
67.45762711864407, 1.01
67.79661016949152, 1.01
62.71186440677966, 1.01
70.16949152542374, 1.01
70.50847457627118, 1.01
70.84745762711864, 1.02
71.1864406779661, 1.02
71.52542372881356, 1.02
71.86440677966101, 1.02
72.20338983050848, 1.02
72.54237288135593, 1.04
72.88135593220339, 1.04
73.22033898305085, 1.04
73.5593220338983, 1.04
73.89830508474576, 1.04
74.23728813559322, 1.05
74.57627118644068, 1.05
74.91525423728814, 1.05
75.2542372881356, 1.05
75.59322033898304, 1.05
74.91638795986621, 1.07
75.25083612040135, 1.07
75.58528428093646, 1.07
75.91973244147158, 1.07
76.2541806020067, 1.07
75.32894736842105, 1.09
75.6578947368421, 1.09
75.98684210526315, 1.09
76.31578947368422, 1.09
76.64473684210526, 1.09
75.72815533980582, 1.1
76.05177993527508, 1.1
76.37540453074433, 1.11
76.69902912621359, 1.11
77.02265372168284, 1.11
76.11464968152866, 1.12
76.43312101910828, 1.12
76.75159235668791, 1.12
77.07006369426752, 1.12
77.38853503184714, 1.12
77.46031746031747, 1.13
77.77777777777779, 1.13
78.0952380952381, 1.13
78.41269841269842, 1.13
77.74294670846395, 1.13
78.0564263322884, 1.13
78.36990595611285, 1.14
78.68338557993731, 1.14
78.99686520376176, 1.14
79.3103448275862, 1.14
79.62382445141067, 1.14
79.6875, 1.14
79.01234567901234, 1.15
79.32098765432099, 1.15
79.62962962962963, 1.15
79.93827160493827, 1.15
80.24691358024691, 1.15
80.55555555555556, 1.15
80.8641975308642, 1.15
81.17283950617285, 1.15
81.48148148148148, 1.15
81.79012345679013, 1.15
82.09876543209876, 1.15
82.4074074074074, 1.15
82.71604938271605, 1.16
83.0246913580247, 1.16
83.33333333333334, 1.16
83.64197530864197, 1.16
83.9506172839506, 1.16
84.0, 1.16
84.3076923076923, 1.16
84.61538461538461, 1.16
84.92307692307692, 1.16
84.19452887537993, 1.16
84.49848024316108, 1.16
84.80243161094225, 1.17
85.1063829787234, 1.17
85.41033434650456, 1.17
85.71428571428571, 1.17
86.01823708206688, 1.17
85.02994011976048, 1.19
85.32934131736528, 1.19
85.62874251497006, 1.19
85.92814371257485, 1.19
86.22754491017965, 1.19
85.25073746312685, 1.2
85.54572271386431, 1.2
85.84070796460178, 1.2
86.13569321533923, 1.2
86.4306784660767, 1.21
86.72566371681415, 1.21
87.02064896755162, 1.21
87.31563421828909, 1.21
86.33720930232558, 1.22
86.62790697674419, 1.22
86.9186046511628, 1.22
87.20930232558139, 1.22
87.5, 1.22
86.53295128939828, 1.24
86.81948424068769, 1.24
87.10601719197709, 1.24
87.39255014326648, 1.24
87.67908309455588, 1.24
86.7231638418079, 1.25
87.00564971751412, 1.26
87.28813559322035, 1.26
87.57062146892656, 1.26
87.85310734463276, 1.26
86.90807799442896, 1.27
87.1866295264624, 1.27
87.46518105849582, 1.27
87.74373259052925, 1.27
88.02228412256268, 1.27
87.08791208791209, 1.29
87.36263736263736, 1.29
87.63736263736264, 1.29
87.91208791208791, 1.29
88.18681318681318, 1.29
87.26287262872629, 1.3
87.53387533875339, 1.31
87.8048780487805, 1.31
88.07588075880759, 1.31
88.34688346883469, 1.31
87.43315508021391, 1.32
87.70053475935828, 1.32
87.96791443850267, 1.32
88.23529411764706, 1.32
88.50267379679144, 1.32
87.59894459102902, 1.34
87.86279683377309, 1.34
88.12664907651715, 1.34
88.39050131926122, 1.34
88.65435356200527, 1.34
87.76041666666666, 1.35
88.02083333333334, 1.36
88.28125, 1.36
88.54166666666666, 1.36
88.80208333333334, 1.36
88.83116883116882, 1.36
89.0909090909091, 1.36
88.4318766066838, 1.37
88.68894601542416, 1.37
88.94601542416453, 1.37
89.20308483290489, 1.37
89.46015424164524, 1.37
88.57868020304569, 1.39
88.83248730964468, 1.39
89.08629441624365, 1.39
89.34010152284264, 1.39
89.59390862944161, 1.39
88.7218045112782, 1.4
88.97243107769424, 1.41
89.22305764411027, 1.41
89.47368421052632, 1.41
89.72431077694235, 1.41
89.97493734335839, 1.41
90.0, 1.41
89.35643564356435, 1.42
89.60396039603961, 1.42
88.75305623471883, 1.44
88.99755501222494, 1.44
89.24205378973105, 1.44
89.48655256723717, 1.44
89.73105134474328, 1.44
89.97555012224939, 1.44
89.13043478260869, 1.45
89.3719806763285, 1.46
89.61352657004831, 1.46
89.85507246376811, 1.46
90.09661835748793, 1.46
90.33816425120773, 1.46
90.57971014492753, 1.46
90.82125603864735, 1.46
91.06280193236715, 1.46
91.30434782608695, 1.46
90.45346062052506, 1.47
90.69212410501193, 1.47
90.9307875894988, 1.47
91.16945107398568, 1.47
91.40811455847255, 1.47
91.64677804295943, 1.47
91.8854415274463, 1.47
92.12410501193318, 1.47
92.14285714285714, 1.48
92.38095238095238, 1.48
92.61904761904762, 1.48
92.85714285714286, 1.48
92.21698113207547, 1.48
92.45283018867924, 1.49
92.68867924528303, 1.49
92.9245283018868, 1.49
93.16037735849056, 1.49
93.39622641509435, 1.49
93.63207547169812, 1.49
93.86792452830188, 1.49
94.10377358490565, 1.49
93.24009324009323, 1.5
93.47319347319348, 1.5
93.7062937062937, 1.51
93.93939393939394, 1.51
94.17249417249417, 1.51
94.4055944055944, 1.51
94.63869463869464, 1.51
93.77880184331798, 1.52
94.00921658986175, 1.52
94.23963133640552, 1.52
94.47004608294931, 1.52
94.70046082949308, 1.52
93.84965831435079, 1.54
93.65079365079364, 1.55
93.24324324324324, 1.55
93.46846846846847, 1.55
93.69369369369369, 1.55
93.91891891891892, 1.56
94.14414414414415, 1.56
94.36936936936937, 1.56
94.5945945945946, 1.56
94.81981981981981, 1.56
93.98663697104676, 1.57
94.20935412026726, 1.58
94.43207126948775, 1.58
94.65478841870824, 1.58
94.87750556792874, 1.58
94.05286343612335, 1.59
94.27312775330397, 1.59
94.49339207048459, 1.59
94.7136563876652, 1.59
94.93392070484582, 1.59
94.11764705882352, 1.6
94.33551198257081, 1.61
94.55337690631809, 1.61
94.77124183006535, 1.61
94.98910675381264, 1.61
95.20697167755992, 1.61
95.42483660130719, 1.61
94.61206896551724, 1.62
94.82758620689656, 1.62
95.04310344827587, 1.63
95.25862068965517, 1.63
95.47413793103449, 1.63
95.6896551724138, 1.63
94.88272921108742, 1.64
95.0959488272921, 1.64
95.3091684434968, 1.64
95.52238805970148, 1.64
95.73560767590618, 1.64
94.9367088607595, 1.66
95.14767932489451, 1.66
95.35864978902954, 1.66
95.56962025316456, 1.66
95.78059071729957, 1.66
94.98956158663883, 1.68
95.19832985386222, 1.68
95.4070981210856, 1.68
95.61586638830897, 1.68
95.625, 1.68
95.83333333333334, 1.68
96.04166666666667, 1.68
96.25, 1.68
94.68302658486708, 1.71
94.88752556237219, 1.71
95.0920245398773, 1.71
95.29652351738241, 1.71
95.50102249488752, 1.71
95.70552147239265, 1.71
95.71428571428572, 1.71
95.91836734693877, 1.71
95.34412955465586, 1.72
95.54655870445345, 1.72
95.74898785425101, 1.73
95.95141700404858, 1.73
96.15384615384616, 1.73
96.35627530364373, 1.73
95.59118236472945, 1.74
95.6, 1.75
95.8, 1.75
96.0, 1.75
96.2, 1.75
96.39999999999999, 1.75
95.83333333333334, 1.76
96.03174603174604, 1.76
96.23015873015873, 1.76
96.42857142857143, 1.76
95.67779960707269, 1.77
95.87426326129666, 1.77
96.07072691552064, 1.77
96.2671905697446, 1.78
95.52529182879378, 1.79
95.71984435797665, 1.79
95.91439688715954, 1.79
96.10894941634241, 1.79
96.3035019455253, 1.79
95.56840077071291, 1.8
95.76107899807322, 1.8
95.95375722543352, 1.8
96.14643545279384, 1.81
96.33911368015414, 1.81
96.53179190751445, 1.81
96.72447013487476, 1.81
96.91714836223507, 1.81
97.10982658959537, 1.81
97.30250481695568, 1.81
97.495183044316, 1.81
96.7557251908397, 1.82
96.03024574669186, 1.84
96.0377358490566, 1.85
95.50561797752809, 1.86
93.0783242258652, 1.9
92.4187725631769, 1.92
91.77101967799642, 1.94
91.13475177304964, 1.95
91.31205673758865, 1.95
90.52631578947368, 1.98
90.54290718038528, 1.98
89.46459412780656, 2.01
89.63730569948186, 2.01
89.81001727115718, 2.01
89.98272884283247, 2.01
90.15544041450777, 2.01
90.32815198618307, 2.01
90.50086355785838, 2.01
90.67357512953367, 2.01
90.84628670120898, 2.01
91.01899827288429, 2.01
91.36442141623489, 2.01
91.19170984455958, 2.01
91.53713298791018, 2.01
91.70984455958549, 2.01
91.8825561312608, 2.01
92.05526770293609, 2.01
92.573402417962, 2.01
92.2279792746114, 2.01
92.40069084628671, 2.01
92.91882556131262, 2.01
93.09153713298791, 2.01
92.74611398963731, 2.01
93.26424870466322, 2.01
93.43696027633851, 2.01
93.60967184801382, 2.01
93.78238341968913, 2.01
93.95509499136442, 2.01
94.12780656303973, 2.01
94.30051813471503, 2.01
94.47322970639033, 2.01
94.64594127806562, 2.01
94.81865284974094, 2.01
94.99136442141624, 2.01
95.16407599309153, 2.01
95.33678756476684, 2.01
95.50949913644214, 2.01
95.68221070811744, 2.01
95.85492227979275, 2.01
96.02763385146805, 2.01
96.20034542314335, 2.01
96.37305699481865, 2.01
96.54576856649395, 2.01
96.71848013816926, 2.01
96.89119170984456, 2.01
97.06390328151986, 2.01
97.23661485319516, 2.01
97.40932642487047, 2.01
97.58203799654576, 2.01
97.75474956822107, 2.01
97.92746113989638, 2.01
98.10017271157167, 2.01
98.27288428324698, 2.01
98.44559585492227, 2.01
98.61830742659758, 2.01
98.79101899827289, 2.01
98.96373056994818, 2.01
98.9655172413793, 2.01
98.45890410958904, 2.02
98.63013698630137, 2.02
98.8013698630137, 2.02
98.97260273972603, 2.02
99.14383561643835, 2.03
99.31506849315068, 2.03
98.64176570458405, 2.04
98.81154499151104, 2.04
98.98132427843804, 2.04
99.15110356536503, 2.04
99.32088285229203, 2.04
98.65319865319864, 2.05
98.82154882154882, 2.05
98.98989898989899, 2.06
99.15824915824916, 2.06
99.32659932659934, 2.06
99.32773109243698, 2.06
98.8313856427379, 2.07
98.9983305509182, 2.07
99.1652754590985, 2.07
99.33222036727881, 2.07
99.4991652754591, 2.07
98.84105960264901, 2.09
99.00662251655629, 2.09
99.17218543046357, 2.09
99.17355371900827, 2.1
99.3388429752066, 2.1
98.85057471264368, 2.1
99.01477832512316, 2.11
99.17898193760263, 2.11
99.3431855500821, 2.11
99.50738916256158, 2.11
98.8599348534202, 2.12
99.0228013029316, 2.12
99.185667752443, 2.12
99.3485342019544, 2.12
99.51140065146579, 2.13
99.6742671009772, 2.13
99.67479674796748, 2.13
99.83739837398375, 2.13
99.35379644588045, 2.14
99.51534733441034, 2.14
99.51612903225806, 2.15
99.67741935483872, 2.15
99.83870967741936, 2.15
100.0, 2.15
99.51923076923077, 2.15
99.67948717948718, 2.15
99.83974358974359, 2.15
100.0, 2.15
100.16025641025641, 2.15
100.32051282051282, 2.15
100.48076923076923, 2.15
100.64102564102564, 2.15
100.80128205128204, 2.16
100.96153846153845, 2.16
101.12179487179486, 2.16
101.28205128205127, 2.16
101.4423076923077, 2.16
101.44, 2.16
101.6, 2.16
101.76, 2.16
101.27186009538951, 2.17
101.43084260731318, 2.17
101.58982511923689, 2.17
101.74880763116056, 2.17
101.10410094637223, 2.19
101.26182965299684, 2.19
101.41955835962145, 2.19
100.78247261345852, 2.2
100.93896713615023, 2.21
101.09546165884194, 2.21
100.46583850931677, 2.22
100.62111801242236, 2.22
100.77639751552796, 2.22
100.93167701863355, 2.22
100.93023255813954, 2.23
101.08527131782945, 2.23
101.2403100775194, 2.23
100.77041602465331, 2.24
100.92449922958397, 2.24
101.07858243451464, 2.24
101.2326656394453, 2.24
101.38674884437597, 2.24
100.7645259938838, 2.25
100.91743119266054, 2.26
101.0703363914373, 2.26
101.22324159021407, 2.26
100.60698027314112, 2.27
100.7587253414264, 2.27
100.91047040971168, 2.27
101.06221547799696, 2.28
101.21396054628224, 2.28
100.60240963855422, 2.29
100.75301204819279, 2.29
100.90361445783131, 2.29
101.05421686746988, 2.29
101.05263157894737, 2.3
100.59790732436473, 2.3
100.7473841554559, 2.31
100.89686098654708, 2.31
101.04633781763827, 2.31
100.44510385756678, 2.32
100.59347181008901, 2.32
100.74183976261128, 2.32
100.89020771513353, 2.32
101.03857566765579, 2.32
101.18694362017804, 2.33
100.58910162002945, 2.34
100.0, 2.35
99.41944847605225, 2.37
99.56458635703919, 2.38
98.9913544668588, 2.39
99.13544668587896, 2.39
99.27953890489914, 2.39
99.42363112391931, 2.39
99.56772334293949, 2.39
99.568345323741, 2.4
99.4261119081779, 2.4
99.28469241773963, 2.41
99.4277539341917, 2.41
99.57081545064378, 2.41
99.71387696709584, 2.41
99.85693848354794, 2.41
99.85714285714286, 2.42
99.43181818181817, 2.42
99.57386363636364, 2.43
99.7159090909091, 2.43
99.85795454545455, 2.43
99.29478138222849, 2.44
99.4358251057828, 2.44
99.5768688293371, 2.44
99.5774647887324, 2.45
99.15966386554622, 2.46
99.29971988795518, 2.46
99.43977591036415, 2.46
99.57983193277312, 2.46
99.71988795518207, 2.46
99.85994397759103, 2.46
100.0, 2.46
99.72105997210599, 2.47
99.58275382475661, 2.47
99.72183588317107, 2.47
99.86091794158554, 2.47
100.0, 2.47
100.13908205841446, 2.47
100.27816411682893, 2.48
100.41724617524339, 2.48
100.55632823365785, 2.48
100.55555555555556, 2.48
100.69444444444444, 2.48
100.83333333333333, 2.48
100.97222222222221, 2.48
101.11111111111111, 2.48
101.25, 2.48
100.82872928176796, 2.49
100.96685082872926, 2.49
101.10497237569061, 2.49
101.24309392265194, 2.49
101.24137931034483, 2.5
101.37931034482759, 2.5
100.96021947873798, 2.51
101.09739368998629, 2.51
101.23456790123457, 2.51
101.37174211248285, 2.51
101.50891632373114, 2.51
100.95367847411445, 2.52
101.08991825613079, 2.53
100.54127198917455, 2.54
100.54054054054053, 2.55
100.67567567567568, 2.55
100.8108108108108, 2.55
100.94594594594595, 2.55
100.53763440860214, 2.56
100.6720430107527, 2.56
100.80645161290323, 2.56
100.94086021505377, 2.56
101.0752688172043, 2.56
101.20967741935485, 2.56
101.20805369127517, 2.57
100.80106809078772, 2.57
100.93457943925233, 2.58
101.06809078771694, 2.58
101.20160213618156, 2.58
100.6631299734748, 2.59
100.79575596816977, 2.59
100.9283819628647, 2.59
101.06100795755968, 2.59
101.19363395225464, 2.59
101.32625994694959, 2.59
101.45888594164457, 2.59
101.4569536423841, 2.6
101.58940397350993, 2.6
101.72185430463576, 2.6
101.31752305665349, 2.61
101.44927536231884, 2.61
101.58102766798419, 2.61
101.71277997364953, 2.61
101.84453227931489, 2.61
101.97628458498025, 2.61
101.9736842105263, 2.62
102.10526315789474, 2.62
102.23684210526316, 2.62
101.83246073298429, 2.62
101.83006535947712, 2.63
101.43042912873864, 2.64
101.56046814044213, 2.64
101.69050715214564, 2.64
101.82054616384914, 2.64
101.95058517555266, 2.64
102.08062418725619, 2.64
101.55038759689923, 2.66
101.6795865633075, 2.66
101.80878552971578, 2.66
101.93798449612403, 2.66
102.0671834625323, 2.66
102.06451612903227, 2.67
101.66880616174583, 2.68
101.79717586649551, 2.68
101.92554557124518, 2.68
102.05391527599485, 2.68
102.05128205128204, 2.68
101.52866242038216, 2.7
101.14068441064639, 2.71
101.26742712294043, 2.71
101.39416983523448, 2.71
101.52091254752851, 2.71
101.64765525982256, 2.71
101.7743979721166, 2.71
101.90114068441065, 2.71
102.0278833967047, 2.71
102.02531645569621, 2.71
101.63727959697732, 2.73
101.63522012578616, 2.74
101.25156445556946, 2.74
101.25, 2.75
100.87064676616914, 2.76
100.99502487562188, 2.76
101.11940298507463, 2.76
101.11801242236025, 2.77
100.74165636588381, 2.77
100.86526576019776, 2.77
100.98887515451173, 2.77
101.1124845488257, 2.77
101.23609394313968, 2.78
101.23456790123457, 2.78
100.85995085995086, 2.79
100.982800982801, 2.8
100.734394124847, 2.8
100.85679314565483, 2.8
100.97919216646267, 2.8
101.10159118727051, 2.8
100.97680097680097, 2.81
101.0989010989011, 2.81
101.22100122100122, 2.81
101.34310134310134, 2.81
101.46520146520146, 2.81
101.58730158730158, 2.81
101.58536585365854, 2.82
101.70731707317073, 2.82
101.33495145631069, 2.82
101.45631067961165, 2.83
101.57766990291262, 2.83
101.57575757575759, 2.83
101.6969696969697, 2.83
101.81818181818181, 2.83
101.93939393939392, 2.83
101.56815440289506, 2.84
101.6887816646562, 2.84
101.80940892641736, 2.84
101.93003618817853, 2.85
102.05066344993969, 2.85
101.07398568019093, 2.87
101.19331742243436, 2.88
101.19189511323003, 2.88
101.31108462455305, 2.88
100.82938388625593, 2.9
100.9478672985782, 2.9
100.58962264150944, 2.91
100.70754716981132, 2.91
100.8254716981132, 2.91
100.70588235294117, 2.92
100.35128805620607, 2.94
100.0, 2.94
100.0, 2.95
100.11641443538998, 2.95
100.11627906976743, 2.95
100.23255813953489, 2.95
100.0, 2.96
100.0, 2.97
99.65437788018433, 2.97
99.76958525345621, 2.98
99.88479262672811, 2.98
99.42726231386025, 3.0
99.4279176201373, 3.0
99.54233409610984, 3.0
99.65675057208237, 3.0
99.31662870159454, 3.01
99.43052391799544, 3.01
99.65831435079726, 3.01
99.54441913439635, 3.01
99.77220956719817, 3.01
99.88610478359908, 3.01
100.0, 3.01
100.1138952164009, 3.01
100.22779043280184, 3.01
100.34168564920274, 3.01
100.45558086560365, 3.01
100.56947608200456, 3.01
100.68337129840548, 3.01
100.79726651480638, 3.01
100.91116173120729, 3.01
101.02505694760819, 3.01
101.13895216400913, 3.01
101.25284738041003, 3.01
101.36674259681094, 3.01
101.48063781321184, 3.01
101.59453302961276, 3.01
101.70842824601367, 3.01
101.82232346241457, 3.01
101.93621867881548, 3.01
102.05011389521641, 3.01
102.27790432801822, 3.01102.61958997722095, 3.01
102.39179954441913, 3.01
102.16400911161732, 3.01

102.50569476082005, 3.01
102.84738041002277, 3.01
102.73348519362186, 3.01
102.9612756264237, 3.01
103.0751708428246, 3.01
103.18906605922551, 3.01
103.30296127562642, 3.01
103.41685649202734, 3.01
103.53075170842826, 3.01
103.64464692482915, 3.01
103.75854214123007, 3.01
103.87243735763099, 3.01
103.98633257403189, 3.01
103.98179749715585, 3.02
104.09556313993174, 3.02
104.20932878270763, 3.02
104.3230944254835, 3.02
103.96375990939977, 3.02
104.07701019252549, 3.02
104.19026047565119, 3.02
104.30351075877691, 3.02
104.4167610419026, 3.03
104.53001132502831, 3.03
104.52488687782807, 3.03
104.63800904977376, 3.03
104.75113122171946, 3.03
104.86425339366517, 3.04
104.85875706214689, 3.04
104.85327313769753, 3.04
104.96613995485326, 3.04
105.07900677200904, 3.04
104.95495495495494, 3.04
105.06756756756756, 3.05
105.18018018018019, 3.05
105.2927927927928, 3.05
105.28683914510685, 3.05
105.39932508436445, 3.05
105.51181102362204, 3.05
105.38720538720538, 3.06
105.49943883277217, 3.06
105.3751399776036, 3.06
105.48712206047033, 3.06
105.59910414333706, 3.06
105.7110862262038, 3.06
105.82306830907055, 3.06
105.9350503919373, 3.06
106.04703247480403, 3.06
106.04026845637584, 3.07
106.15212527964206, 3.07
106.14525139664805, 3.07
106.13839285714286, 3.07
106.25, 3.07
106.36160714285714, 3.07
106.47321428571428, 3.07
106.34743875278396, 3.07
106.45879732739421, 3.08
106.57015590200444, 3.08
106.6815144766147, 3.08
106.79287305122493, 3.08
106.9042316258352, 3.08
106.89655172413792, 3.08
107.00778642936596, 3.08
107.0, 3.09
106.99223085460599, 3.09
107.10321864594894, 3.09
107.21420643729189, 3.09
107.08748615725361, 3.09
107.07964601769913, 3.1
107.19026548672565, 3.1
107.18232044198895, 3.1
107.17439293598234, 3.11
107.28476821192052, 3.11
107.39514348785872, 3.11
107.5055187637969, 3.11
107.61589403973511, 3.11
107.72626931567328, 3.11
107.83664459161149, 3.11
107.94701986754967, 3.11
107.81938325991189, 3.11
107.92951541850219, 3.12
107.92079207920793, 3.12
108.03080308030803, 3.12
108.14081408140814, 3.12
108.01317233809, 3.12
108.12294182217343, 3.12
108.23271130625687, 3.12
108.34248079034028, 3.12
108.2146768893757, 3.13
108.32420591456736, 3.13
108.43373493975903, 3.13
108.54326396495071, 3.13
108.65279299014239, 3.13
108.76232201533406, 3.13
108.87185104052574, 3.13
108.86214442013129, 3.13
108.97155361050328, 3.13
109.08096280087527, 3.13
109.19037199124726, 3.13
109.18032786885246, 3.14
108.93246187363835, 3.14
109.04139433551198, 3.14
109.15032679738562, 3.14
109.25925925925925, 3.15
109.3681917211329, 3.15
109.35799782372145, 3.15
109.46681175190425, 3.15
109.57562568008706, 3.15
109.68443960826986, 3.15
109.79325353645267, 3.15
109.90206746463546, 3.15
110.01088139281828, 3.15
110.1196953210011, 3.15
110.2285092491839, 3.15
110.33732317736671, 3.15
110.20629750271445, 3.16
110.31487513572205, 3.16
110.42345276872965, 3.16
110.29252437703141, 3.16
110.2813852813853, 3.17
110.3896103896104, 3.17
110.4978354978355, 3.17
110.36717062634989, 3.17
110.47516198704103, 3.17
110.58315334773219, 3.17
110.45258620689656, 3.17
110.44133476856834, 3.19
110.54897739504842, 3.19
110.18220793140408, 3.19
110.28938906752413, 3.19
110.39657020364415, 3.19
110.5037513397642, 3.19
110.61093247588425, 3.19
110.71811361200427, 3.2
110.82529474812432, 3.2
110.93247588424437, 3.2
111.03965702036443, 3.2
111.02783725910064, 3.2
111.13490364025695, 3.2
111.24197002141327, 3.2
111.3490364025696, 3.2
111.45610278372591, 3.2
111.56316916488223, 3.2
111.43162393162393, 3.21
111.53846153846155, 3.21
111.28860489882855, 3.22
111.395101171459, 3.22
111.50159744408946, 3.22
111.6080937167199, 3.22
111.47715196599361, 3.22
111.58342189160469, 3.22
111.68969181721573, 3.22
111.55885471898198, 3.23
111.66489925768823, 3.23
111.77094379639449, 3.23
111.87698833510073, 3.23
111.98303287380699, 3.23
112.08907741251326, 3.23
112.07627118644068, 3.24
112.18220338983052, 3.24
112.28813559322033, 3.24
112.15644820295982, 3.24
112.0253164556962, 3.24
112.13080168776371, 3.24
112.23628691983123, 3.24
112.34177215189874, 3.24
112.32876712328768, 3.25
112.4341412012645, 3.25
112.30283911671923, 3.26
112.4079915878023, 3.26
112.27701993704093, 3.26
112.3819517313746, 3.26
112.48688352570828, 3.26
112.59181532004196, 3.26
112.57861635220125, 3.27
112.68343815513626, 3.27
112.78825995807127, 3.27
112.8930817610063, 3.27
112.9979035639413, 3.27
113.10272536687631, 3.27
112.97071129707112, 3.27
112.839248434238, 3.27
112.94363256784969, 3.28
113.04801670146138, 3.28
113.15240083507308, 3.28
113.25678496868477, 3.28
113.36116910229646, 3.28
113.46555323590815, 3.28
113.45151199165797, 3.28
113.55578727841502, 3.28
113.66006256517205, 3.28
113.7643378519291, 3.29
113.86861313868613, 3.29
113.73569198751301, 3.29
113.83975026014568, 3.29
113.70716510903426, 3.29
113.81100726895119, 3.29
113.91484942886811, 3.3
114.01869158878503, 3.3
114.00414937759335, 3.3
114.10788381742738, 3.3
114.09326424870467, 3.31
114.07867494824015, 3.31
113.94628099173553, 3.31
114.0495867768595, 3.32
114.15289256198346, 3.32
114.13828689370484, 3.32
114.24148606811147, 3.32
114.1091658084449, 3.32
114.21215242018539, 3.32
114.08016443987667, 3.33
114.1829393627955, 3.33
114.16837782340863, 3.33
114.27104722792608, 3.34
114.37371663244353, 3.34
114.24180327868851, 3.34
114.11042944785277, 3.34
114.21267893660531, 3.34
114.31492842535786, 3.35
114.30030643513788, 3.35
114.16921508664628, 3.36
114.27115188583079, 3.36
114.14038657171923, 3.36
114.24211597151577, 3.37
114.22764227642277, 3.37
114.32926829268293, 3.37
114.19878296146044, 3.37
114.06882591093117, 3.37
114.17004048582994, 3.38
114.27125506072875, 3.38
114.37246963562752, 3.38
114.4736842105263, 3.38
114.5748987854251, 3.38
114.56016177957534, 3.38
114.66127401415571, 3.39
114.76238624873609, 3.39
114.86349848331648, 3.39
114.73259334006055, 3.39
114.8335015136226, 3.39
114.93440968718467, 3.39
114.8036253776435, 3.4
114.9043303121853, 3.4
115.00503524672709, 3.4
114.98993963782695, 3.4
114.97487437185929, 3.41
114.95983935742973, 3.41
115.06024096385543, 3.41
114.92985971943888, 3.41
115.03006012024048, 3.41
115.13026052104209, 3.41
115.23046092184369, 3.41
115.21521521521521, 3.42
115.31531531531532, 3.42
115.41541541541542, 3.42
115.51551551551552, 3.42
115.38461538461537, 3.42
115.2542372881356, 3.43
115.2390438247012, 3.44
115.3386454183267, 3.44
115.4382470119522, 3.44
115.30815109343936, 3.44
115.17857142857142, 3.45
115.1635282457879, 3.45
115.26263627353816, 3.45
115.13353115727003, 3.46
115.2324431256182, 3.46
115.33135509396637, 3.46
115.20236920039486, 3.46
115.3010858835143, 3.46
115.39980256663375, 3.46
115.4985192497532, 3.46
115.59723593287265, 3.46
115.6959526159921, 3.47
115.68047337278107, 3.47
115.77909270216962, 3.47
115.87771203155819, 3.47
115.97633136094674, 3.47
115.84645669291338, 3.47
115.94488188976378, 3.47
116.04330708661416, 3.47
116.14173228346456, 3.47
116.24015748031495, 3.47
116.33858267716535, 3.47
116.2082514734774, 3.48
116.30648330058939, 3.48
116.40471512770138, 3.48
116.38861629048087, 3.48
116.48675171736997, 3.49
116.58488714425907, 3.49
116.68302257114817, 3.49
116.55239960822723, 3.49
116.65034280117533, 3.49
116.7482859941234, 3.49
116.6177908113392, 3.49
116.71554252199414, 3.5
116.81329423264908, 3.5
116.796875, 3.5
116.89453125, 3.5
116.76413255360625, 3.51
116.8615984405458, 3.51
116.95906432748538, 3.51
117.05653021442495, 3.51
116.92607003891051, 3.52
116.90962099125363, 3.52
117.00680272108843, 3.52
116.8768186226964, 3.52
116.74733785091964, 3.53
116.84414327202323, 3.53
116.82785299806578, 3.54
116.92456479690523, 3.54
117.02127659574468, 3.54
117.11798839458413, 3.54
117.2147001934236, 3.54
117.31141199226305, 3.54
117.40812379110253, 3.54
117.27799227799227, 3.54
117.14836223506744, 3.55
117.13185755534168, 3.55
117.22810394610201, 3.55
117.32435033686237, 3.56
117.42059672762271, 3.56
117.40384615384616, 3.56
117.38712776176754, 3.56
117.48318924111432, 3.56
117.57925072046109, 3.56
117.67531219980786, 3.56
117.54554170661552, 3.56
117.64141898370086, 3.56
117.7372962607862, 3.56
117.83317353787153, 3.56
117.81609195402298, 3.57
117.68642447418738, 3.58
117.78202676864244, 3.58
117.87762906309752, 3.58
117.74809160305344, 3.58
117.84351145038168, 3.58
117.93893129770991, 3.58
117.92183031458532, 3.58
118.01715919923737, 3.59
117.88772597526165, 3.59
117.98287345385347, 3.59
117.85375118708453, 3.59
117.94871794871796, 3.59
118.04368471035139, 3.6
118.13865147198482, 3.6
118.12144212523718, 3.6
118.21631878557875, 3.6
118.08712121212122, 3.61
118.18181818181819, 3.61
118.27651515151516, 3.61
118.14744801512288, 3.61
118.24196597353497, 3.62
118.33648393194707, 3.62
118.31916902738433, 3.62
118.41359773371106, 3.62
118.50802644003777, 3.62
118.60245514636449, 3.62
118.69688385269122, 3.62
118.34430856067732, 3.63
118.32706766917293, 3.64
118.42105263157893, 3.64
118.29268292682926, 3.64
118.38649155722327, 3.64
118.48030018761726, 3.64
118.57410881801125, 3.64
118.66791744840526, 3.64
118.76172607879924, 3.64
118.08014911463187, 3.66
118.17334575955265, 3.66
118.26654240447343, 3.66
118.02973977695169, 3.68
117.9035250463822, 3.68
117.99628942486085, 3.68
118.08905380333951, 3.68
118.18181818181819, 3.68
117.94634597594819, 3.69
117.71217712177122, 3.7
117.80442804428044, 3.71
117.89667896678966, 3.71
117.77163904235728, 3.71
117.86372007366484, 3.71
117.95580110497237, 3.71
117.93928242870287, 3.71
117.92279411764706, 3.71
118.01470588235294, 3.71
118.10661764705883, 3.71
118.1985294117647, 3.71
117.64168190127971, 3.74
117.73308957952469, 3.74
117.39526411657559, 3.74
117.4863387978142, 3.75
117.57741347905282, 3.75
117.66848816029143, 3.75
117.75956284153007, 3.75
117.74340309372155, 3.75
117.83439490445859, 3.75
117.92538671519563, 3.76
117.80199818346956, 3.76
117.89282470481382, 3.76
117.98365122615803, 3.76
117.86038077969174, 3.77
117.95104261106076, 3.77
117.93478260869566, 3.77
118.02536231884058, 3.77
118.1159420289855, 3.77
117.99276672694394, 3.77
118.08318264014466, 3.77
118.1735985533454, 3.77
118.26401446654612, 3.78
118.35443037974684, 3.78
118.23104693140793, 3.78
118.32129963898916, 3.78
118.41155234657039, 3.78
118.50180505415162, 3.78
118.59205776173285, 3.78
118.57529305680794, 3.79
118.45184518451846, 3.79
118.32884097035041, 3.79
118.41868823000898, 3.8
118.50853548966755, 3.8
118.49192100538599, 3.8
118.58168761220827, 3.81
118.45878136200716, 3.81
118.33631484794276, 3.81
118.4257602862254, 3.81
118.51520572450805, 3.82
118.6046511627907, 3.82
118.16562778272484, 3.83
118.2546749777382, 3.83
118.23843416370107, 3.84
118.32740213523132, 3.84
118.20603907637654, 3.84
117.98051372896367, 3.85
117.8603006189213, 3.86
117.94871794871796, 3.86
117.828773168579, 3.86
117.81305114638447, 3.87
117.69366197183098, 3.88
117.57469244288225, 3.88
117.66256590509666, 3.88
117.75043936731106, 3.88
117.83831282952548, 3.88
117.82265144863915, 3.89
117.91044776119404, 3.89
117.99824407374891, 3.89
117.87905346187554, 3.89
117.76027996500437, 3.9
117.8477690288714, 3.9
117.83216783216784, 3.9
117.91958041958041, 3.91
118.006993006993, 3.91
118.0944055944056, 3.91
118.18181818181819, 3.91
117.75456919060052, 3.92
117.43278404163053, 3.93
117.41767764298095, 3.94
117.09844559585491, 3.94
117.18480138169258, 3.95
116.76698194325022, 3.97
116.3527397260274, 3.98
116.33875106929, 3.99
116.02728047740835, 4.0
116.11253196930946, 4.0
116.09880749574106, 4.01
116.1839863713799, 4.01
116.26916524701873, 4.01
116.156462585034, 4.01
116.04414261460101, 4.01
116.12903225806453, 4.02
116.21392190152801, 4.02
116.20016963528414, 4.02
116.28498727735368, 4.02
116.36980491942323, 4.02
116.25740897544455, 4.03
116.0472972972973, 4.04
115.93591905564924, 4.04
115.82491582491583, 4.05
115.90909090909092, 4.05
115.99326599326601, 4.05
115.78505457598655, 4.06
115.86901763224182, 4.06
115.95298068849706, 4.06
116.0369437447523, 4.06
115.92623637887678, 4.06
116.01005867560772, 4.06
116.09388097233864, 4.07
116.17770326906958, 4.07
116.2615255658005, 4.07
116.24790619765494, 4.07
116.1371237458194, 4.08
116.22073578595318, 4.08
116.110183639399, 4.08
116.19365609348915, 4.08
116.2771285475793, 4.08
116.36060100166945, 4.08
116.34695579649707, 4.09
116.23646960865945, 4.09
116.0299003322259, 4.11
116.11295681063123, 4.11
116.19601328903654, 4.11
116.27906976744187, 4.11
116.36212624584718, 4.11
116.44518272425248, 4.11
116.5282392026578, 4.11
116.61129568106313, 4.11
116.69435215946844, 4.11
116.77740863787376, 4.11
116.47350993377484, 4.11
116.55629139072848, 4.12
116.63907284768212, 4.12
116.72185430463576, 4.12
116.80463576158941, 4.12
116.79073614557484, 4.12
116.87344913151365, 4.12
116.95616211745244, 4.12
117.03887510339123, 4.12
116.92815854665565, 4.13
117.01073492981007, 4.13
117.0933113129645, 4.13
117.1758876961189, 4.13
117.25846407927332, 4.13
117.14756801319044, 4.13
117.23000824402308, 4.13
117.31244847485573, 4.13
117.2981878088962, 4.14
117.1875, 4.14
117.07717569786536, 4.15
117.15927750410509, 4.15
117.24137931034481, 4.15
117.32348111658457, 4.15
117.40558292282431, 4.15
117.48768472906403, 4.15
117.56978653530376, 4.15
117.65188834154353, 4.15
117.63740771123872, 4.16
117.52661752661753, 4.16
117.41618969746526, 4.16
117.49795584627964, 4.16
117.57972199509403, 4.16
117.66148814390843, 4.17
117.74325429272281, 4.17
117.72875816993465, 4.17
117.42671009771988, 4.18
117.50814332247556, 4.18
117.58957654723127, 4.18
117.67100977198697, 4.19
117.6566314076485, 4.19
117.7379983726607, 4.19
117.8193653376729, 4.19
117.90073230268511, 4.19
117.98209926769732, 4.19
118.06346623270952, 4.19
117.76155717761556, 4.2
117.8426601784266, 4.2
117.92376317923762, 4.2
118.00486618004867, 4.2
118.08596918085969, 4.2
118.16707218167073, 4.2
118.24817518248176, 4.2
118.32927818329277, 4.2
118.31442463533226, 4.2
118.39546191247973, 4.21
118.47649918962723, 4.21
118.36569579288026, 4.21
118.25525040387723, 4.21
118.33602584814216, 4.21
118.4168012924071, 4.22
118.40193704600483, 4.22
118.48264729620661, 4.22
118.56335754640838, 4.22
118.64406779661016, 4.23
118.34271922767499, 4.23
118.42316975060339, 4.23
118.50362027353178, 4.24
118.48874598070739, 4.24
118.56913183279742, 4.24
118.26923076923077, 4.25
118.25460368294635, 4.26
118.33466773418735, 4.26
118.41473178542834, 4.26
118.49479583666933, 4.26
118.57485988791032, 4.26
118.4652278177458, 4.26
118.54516386890488, 4.26
118.43575418994415, 4.26
118.51556264964087, 4.27
118.5953711093376, 4.27
118.67517956903433, 4.27
118.75498802873103, 4.27
118.83479648842777, 4.27
118.81977671451355, 4.27
118.89952153110048, 4.27
118.78980891719746, 4.28
118.86942675159236, 4.28
118.94904458598725, 4.28
118.83942766295708, 4.28
118.91891891891892, 4.28
118.99841017488075, 4.28
119.0779014308426, 4.29
119.15739268680446, 4.29
119.14217633042097, 4.29
118.84402216943786, 4.3
118.92319873317498, 4.3
119.0023752969121, 4.3
118.9873417721519, 4.31
119.06645569620254, 4.31
118.95734597156398, 4.31
119.03633491311216, 4.31
118.92744479495268, 4.31
119.00630914826498, 4.32
119.08517350157727, 4.32
119.16403785488959, 4.32
119.24290220820188, 4.32
119.32176656151418, 4.32
119.4006309148265, 4.32
119.38534278959811, 4.32
119.46414499605989, 4.33
119.35483870967742, 4.33
119.2458758837392, 4.33
119.32443047918304, 4.33
119.40298507462686, 4.33
119.38775510204083, 4.34
119.4662480376766, 4.34
119.5447409733124, 4.34
119.62323390894821, 4.34
119.5141065830721, 4.34
119.40532081377151, 4.35
119.48356807511738, 4.35
119.46833463643472, 4.36
119.54652071931196, 4.36
119.62470680218922, 4.36
119.70289288506646, 4.36
119.7810789679437, 4.36
119.48558067030397, 4.37
119.47040498442367, 4.38
119.54828660436137, 4.38
119.62616822429905, 4.38
119.33229813664596, 4.38
119.40993788819875, 4.38
119.48757763975155, 4.39
119.47245927075252, 4.39
119.5500387897595, 4.39
119.62761830876649, 4.39
119.33488012374323, 4.4
119.4122196442382, 4.4
119.39721792890263, 4.41
119.47449768160743, 4.41
119.36728395061729, 4.41
119.44444444444444, 4.41
119.5216049382716, 4.41
119.41448382126347, 4.41
119.39953810623555, 4.42
119.47652040030793, 4.43
119.5535026943803, 4.43
119.17177914110428, 4.44
119.24846625766872, 4.44
119.32515337423312, 4.44
119.40184049079754, 4.44
119.02215431627197, 4.46
118.91685736079329, 4.46
118.99313501144164, 4.46
118.88804265041888, 4.47
118.96420411271897, 4.47
118.94977168949772, 4.47
119.02587519025876, 4.47
119.1019786910198, 4.47
119.17808219178083, 4.47
119.25418569254185, 4.47
119.33028919330289, 4.48
119.40639269406392, 4.48
119.48249619482496, 4.48
119.37689969604864, 4.48
119.27162367223065, 4.48
119.34749620637328, 4.48
119.42336874051594, 4.48
119.40864291129645, 4.49
119.48445792266868, 4.49
119.56027293404094, 4.49
119.63608794541318, 4.49
119.53065859197578, 4.5
119.60635881907646, 4.5
119.50113378684807, 4.5
119.48640483383686, 4.51
119.5619335347432, 4.51
119.63746223564955, 4.51
119.7129909365559, 4.51
119.78851963746224, 4.51
119.86404833836859, 4.51
119.57831325301204, 4.51
119.56358164033108, 4.52
119.63882618510158, 4.52
119.71407072987208, 4.53
119.78931527464258, 4.53
119.68444778362132, 4.53
119.57989497374344, 4.54
119.6549137284321, 4.54
119.72993248312078, 4.54
119.7151424287856, 4.54
119.79010494752625, 4.54
119.86506746626686, 4.54
119.76047904191616, 4.55
119.65620328849029, 4.55
119.73094170403587, 4.55
119.71620612397311, 4.56
119.79088872292756, 4.56
119.865571321882, 4.56
119.94025392083645, 4.56
120.0149365197909, 4.56
120.08961911874533, 4.56
120.16430171769979, 4.56
120.05965697240866, 4.56
119.95532390171257, 4.56
120.02978406552494, 4.56
120.1042442293373, 4.57
120.17870439314966, 4.57
120.25316455696202, 4.57
120.32762472077438, 4.57
120.3125, 4.57
120.38690476190477, 4.57
120.46130952380953, 4.57
120.53571428571428, 4.58
120.61011904761905, 4.58
120.68452380952381, 4.58
120.75892857142858, 4.58
120.83333333333333, 4.58
120.90773809523809, 4.58
120.80237741456166, 4.58
120.6078576723499, 4.59
120.6819866567828, 4.59
120.75611564121571, 4.59
120.83024462564862, 4.59
120.90437361008155, 4.59
120.79940784603997, 4.6
120.87342709104367, 4.6
120.76866223207688, 4.6
120.84257206208426, 4.6
120.91648189209165, 4.6
120.90103397341213, 4.61
120.97488921713442, 4.61
121.04874446085671, 4.61
121.12259970457902, 4.61
121.19645494830134, 4.61
121.0914454277286, 4.61
120.98674521354933, 4.62
121.06038291605302, 4.62
121.13402061855669, 4.62
121.20765832106038, 4.62
121.19205298013244, 4.63
121.26563649742457, 4.63
120.98312545854732, 4.64
121.0564930300807, 4.64
121.12986060161408, 4.64
121.11436950146629, 4.64
121.18768328445748, 4.64
121.26099706744868, 4.64
121.33431085043989, 4.64
121.40762463343108, 4.64
121.48093841642229, 4.64
121.19883040935673, 4.65
121.27192982456141, 4.65
121.34502923976609, 4.65
121.32943754565375, 4.66
121.40248356464573, 4.66
121.4755295836377, 4.66
121.37126185266229, 4.66
121.17903930131004, 4.68
121.2518195050946, 4.68
121.32459970887919, 4.68
121.39737991266375, 4.68
121.2936046511628, 4.68
121.1901306240929, 4.68
121.17476432197245, 4.69
120.80924855491328, 4.71
120.88150289017341, 4.71
120.95375722543353, 4.71
121.02601156069363, 4.71
121.09826589595376, 4.71
121.17052023121386, 4.71
121.24277456647398, 4.71
121.31502890173411, 4.71
121.38728323699422, 4.71
121.53179190751445, 4.71
121.45953757225433, 4.71
121.25360230547551, 4.72
121.23830093592514, 4.73
121.31029517638589, 4.73
121.20776419841842, 4.73
121.10552763819096, 4.73
121.17731514716439, 4.74
121.16212338593975, 4.74
121.06017191977077, 4.75
120.9585121602289, 4.75
120.94353109363831, 4.76
121.01501072194425, 4.76
121.08649035025019, 4.76
120.98501070663812, 4.76
121.05638829407566, 4.76
120.9550962223806, 4.77
121.0263720598717, 4.77
121.09764789736279, 4.77
121.16892373485388, 4.77
121.15384615384615, 4.77
121.22507122507122, 4.77
121.2962962962963, 4.77
121.36752136752136, 4.77
121.43874643874643, 4.78
121.50997150997152, 4.78
121.58119658119656, 4.78
121.65242165242165, 4.78
121.55049786628733, 4.78
121.44886363636364, 4.79
121.43364088005677, 4.79
121.33238837703757, 4.8
121.4032600992204, 4.8
121.30219391365888, 4.8
121.37296532200992, 4.8
121.35785007072135, 4.81
121.42857142857142, 4.81
121.41342756183747, 4.81
121.22708039492242, 4.82
121.21212121212122, 4.82
121.28259337561661, 4.83
121.35306553911205, 4.83
121.08222066057625, 4.84
121.06741573033707, 4.84
121.1376404494382, 4.84
120.86834733893556, 4.85
120.93837535014005, 4.85
120.92372288313507, 4.86
120.99370188943317, 4.86
120.72575017445917, 4.87
120.7112970711297, 4.88
120.61281337047353, 4.88
120.51460361613351, 4.88
120.58414464534076, 4.89
120.65368567454797, 4.89
120.63933287004865, 4.89
120.5412907702984, 4.9
120.61068702290076, 4.9
120.51282051282051, 4.91
120.49861495844875, 4.91
120.56786703601108, 4.91
120.30386740331491, 4.92
120.3729281767956, 4.92
120.27586206896552, 4.93
120.0963523743978, 4.93
120.16517549896766, 4.94
120.23399862353752, 4.94
120.22008253094911, 4.94
120.2888583218707, 4.94
120.3576341127923, 4.94
120.09602194787381, 4.95
120.16460905349795, 4.95
120.23319615912209, 4.95
120.30178326474623, 4.95
120.37037037037037, 4.95
120.35640849897189, 4.96
120.42494859492803, 4.96
120.16404647983596, 4.97
120.2323991797676, 4.97
119.89100817438691, 4.99
119.9591280653951, 4.99
119.94554118447924, 4.99
120.0136147038802, 5.0
120.08168822328113, 5.0
requests, 1473
errors, 1764
