Infinity, 0.01
0.6230529595015576, 0.03
0.28929604628736744, 0.07
0.0747104968248039, 0.26
0.06807351940095302, 0.35
0.0762970498474059, 0.37
0.08897928053896022, 0.37
0.10150996066489024, 0.37
0.11411182959300115, 0.37
0.1258970162407151, 0.37
0.13098356751607526, 0.4
0.1228878648233487, 0.46
0.13056141408054636, 0.46
0.13646554245053125, 0.48
0.14550392860607236, 0.48
0.1548437046356334, 0.48
0.1614588279988603, 0.49
0.11969676818725894, 0.7
0.09520946081379034, 0.94
0.1001401962747847, 0.94
0.10424422933730454, 0.95
0.10749535815498877, 0.96
0.10919622086122585, 0.99
0.11391143386017373, 0.99
0.11585337596737569, 1.02
0.1106853980417199, 1.13
0.10085540323484367, 1.29
0.10459078853983787, 1.29
0.08570753044095046, 1.64
0.0886158208778874, 1.64
0.09128386336866903, 1.64
0.09116029968948523, 1.7
0.09385932478170597, 1.7
0.09577464788732394, 1.72
0.0985110754594838, 1.72
0.1003848084323239, 1.74
0.10300668151447662, 1.74
0.10431249828433392, 1.77
0.10609069394194935, 1.78
0.10308481302992037, 1.88
0.10441603422808537, 1.91
0.10209042294603793, 2.0
0.10452114730189596, 2.0
0.10618785597065353, 2.01
0.10853049706967659, 2.01
0.1078495732908187, 2.09
0.10429148360182844, 2.2
0.10281234604922142, 2.28
0.10443975531257325, 2.29
0.10620672076128977, 2.3
0.10607321131447588, 2.36
0.10465935392975746, 2.47
0.10620391151009939, 2.48
0.10024318253540998, 2.68
0.09677646396396396, 2.82
0.0971867895385363, 2.86
0.09716682008796154, 2.91
0.09862939155868448, 2.92
0.10028555887952136, 2.92
0.10197838058331635, 2.92
0.10203569576635499, 2.97
0.10208786142396102, 3.01
0.09572285953050216, 3.27
0.09496817082399728, 3.35
0.09128316036344741, 3.54
0.0812687780131015, 4.03
0.08250012313451215, 4.03
0.08274922118380063, 4.08
0.07847151142954623, 4.37
0.07928507515092481, 4.39
0.07924195582539983, 4.45
0.08030874249894036, 4.45
0.07937629801994193, 4.56
0.07914438502673797, 4.64
0.08021304584977701, 4.64
0.08116016317464386, 4.65
0.07975555440468175, 4.79
0.07948072592396344, 4.87
0.080493147893423, 4.87
0.08011215701982777, 4.95
0.08110624918643423, 4.95
0.08154335719968178, 4.98
requests, 100916
errors, 82
