Infinity, 0.01
Infinity, 0.01
Infinity, 0.01
Infinity, 0.01
Infinity, 0.01
Infinity, 0.01
Infinity, 0.01
Infinity, 0.01
Infinity, 0.01
Infinity, 0.01
Infinity, 0.01
Infinity, 0.01
Infinity, 0.01
Infinity, 0.01
Infinity, 0.01
Infinity, 0.01
Infinity, 0.01
Infinity, 0.01
Infinity, 0.01
Infinity, 0.01
Infinity, 0.01
Infinity, 0.01
Infinity, 0.01
Infinity, 0.01
Infinity, 0.01
Infinity, 0.01
Infinity, 0.01
Infinity, 0.01
Infinity, 0.01
Infinity, 0.01
Infinity, 0.01
Infinity, 0.01
Infinity, 0.01
97.14285714285714, 0.12
100.0, 0.12
102.85714285714285, 0.12
92.5, 0.15
95.0, 0.15
97.5, 0.15
100.0, 0.15
102.49999999999999, 0.15
105.0, 0.15
107.5, 0.15
110.00000000000001, 0.15
100.0, 0.16
102.22222222222221, 0.16
104.44444444444446, 0.16
106.66666666666667, 0.16
89.0909090909091, 0.19
90.9090909090909, 0.19
92.72727272727272, 0.19
94.54545454545455, 0.2
31.176470588235293, 0.57
30.0, 0.62
30.555555555555557, 0.62
31.11111111111111, 0.62
30.810810810810814, 0.63
31.351351351351354, 0.63
31.891891891891895, 0.63
32.432432432432435, 0.63
32.10526315789474, 0.65
32.631578947368425, 0.65
33.1578947368421, 0.65
33.68421052631579, 0.65
34.21052631578947, 0.65
34.73684210526316, 0.65
34.35897435897436, 0.67
34.87179487179487, 0.67
35.38461538461539, 0.67
35.8974358974359, 0.67
36.41025641025641, 0.67
35.12195121951219, 0.7
35.609756097560975, 0.7
36.09756097560975, 0.7
36.58536585365854, 0.7
37.073170731707314, 0.7
37.5609756097561, 0.7
38.048780487804876, 0.7
38.53658536585366, 0.7
39.02439024390244, 0.7
38.57142857142858, 0.71
39.04761904761905, 0.71
39.523809523809526, 0.71
40.0, 0.71
40.476190476190474, 0.71
40.95238095238095, 0.71
41.42857142857143, 0.71
41.904761904761905, 0.72
41.3953488372093, 0.73
41.86046511627907, 0.73
42.32558139534884, 0.73
42.7906976744186, 0.73
43.25581395348837, 0.73
40.869565217391305, 0.78
41.30434782608695, 0.78
41.73913043478261, 0.78
41.27659574468085, 0.79
41.702127659574465, 0.79
42.12765957446808, 0.79
41.66666666666667, 0.81
42.083333333333336, 0.81
42.5, 0.81
42.916666666666664, 0.81
43.333333333333336, 0.81
43.75, 0.81
44.166666666666664, 0.81
43.673469387755105, 0.83
44.08163265306123, 0.83
44.48979591836735, 0.83
44.89795918367347, 0.83
45.30612244897959, 0.83
44.800000000000004, 0.86
45.2, 0.86
45.6, 0.86
45.09803921568628, 0.87
45.3125, 0.87
45.703125, 0.87
46.09375, 0.87
46.484375, 0.87
46.875, 0.87
41.01694915254237, 1.0
41.35593220338983, 1.0
41.69491525423729, 1.0
42.03389830508474, 1.0
42.3728813559322, 1.0
42.71186440677966, 1.0
43.050847457627114, 1.0
43.389830508474574, 1.0
43.728813559322035, 1.0
44.06779661016949, 1.0
44.40677966101695, 1.0
44.74576271186441, 1.0
45.42372881355932, 1.0
45.08474576271186, 1.0
45.76271186440678, 1.0
46.101694915254235, 1.0
46.440677966101696, 1.0
46.779661016949156, 1.0
47.11864406779661, 1.0
47.45762711864407, 1.0
47.79661016949153, 1.0
48.13559322033898, 1.0
48.47457627118644, 1.0
48.8135593220339, 1.0
49.152542372881356, 1.0
49.49152542372882, 1.0
49.83050847457628, 1.0
50.16949152542372, 1.0
50.50847457627119, 1.0
50.847457627118644, 1.0
51.186440677966104, 1.0
51.52542372881356, 1.0
51.864406779661024, 1.0
52.20338983050847, 1.0
52.54237288135594, 1.0
52.88135593220339, 1.0
53.22033898305085, 1.0
53.559322033898304, 1.0
53.898305084745765, 1.0
54.23728813559322, 1.0
54.57627118644067, 1.0
54.91525423728814, 1.0
55.254237288135585, 1.0
55.59322033898305, 1.0
55.932203389830505, 1.0
56.271186440677965, 1.0
56.61016949152542, 1.0
56.949152542372886, 1.0
57.28813559322033, 1.0
57.6271186440678, 1.0
57.96610169491525, 1.0
58.30508474576271, 1.0
58.644067796610166, 1.0
60.33898305084746, 1.0
59.32203389830508, 1.0
58.98305084745763, 1.0
59.66101694915255, 1.0
61.016949152542374, 1.0
60.67796610169491, 1.0
60.0, 1.0
61.35593220338983, 1.0
61.694915254237294, 1.0
62.03389830508475, 1.0
62.37288135593221, 1.0
62.71186440677966, 1.0
63.05084745762712, 1.0
63.389830508474574, 1.0
63.72881355932203, 1.0
64.0677966101695, 1.0
64.40677966101694, 1.0
64.7457627118644, 1.0
65.08474576271186, 1.0
65.42372881355932, 1.0
65.76271186440678, 1.0
66.10169491525424, 1.0
66.44067796610169, 1.01
66.77966101694915, 1.01
67.11864406779661, 1.01
67.45762711864407, 1.01
67.79661016949152, 1.01
68.13559322033899, 1.01
68.47457627118644, 1.01
68.8135593220339, 1.01
69.15254237288136, 1.01
69.49152542372882, 1.01
69.83050847457626, 1.01
70.16949152542374, 1.01
70.50847457627118, 1.01
70.84745762711864, 1.01
71.1864406779661, 1.01
71.52542372881356, 1.01
71.86440677966101, 1.01
72.20338983050848, 1.01
72.54237288135593, 1.01
72.88135593220339, 1.01
73.22033898305085, 1.01
73.5593220338983, 1.01
73.89830508474576, 1.01
74.23728813559322, 1.01
74.91525423728814, 1.01
74.57627118644068, 1.01
75.2542372881356, 1.01
75.59322033898304, 1.01
75.9322033898305, 1.01
76.27118644067797, 1.01
76.61016949152543, 1.01
76.94915254237287, 1.01
77.28813559322035, 1.01
77.62711864406779, 1.01
77.96610169491525, 1.01
78.30508474576271, 1.02
78.64406779661017, 1.02
78.98305084745762, 1.02
79.3220338983051, 1.02
79.66101694915254, 1.02
78.66666666666666, 1.04
79.0, 1.04
79.33333333333333, 1.04
79.66666666666666, 1.04
80.0, 1.04
79.01639344262294, 1.05
79.34426229508198, 1.05
79.67213114754098, 1.05
80.0, 1.05
80.32786885245902, 1.05
79.35483870967742, 1.07
79.6774193548387, 1.07
80.0, 1.07
80.3225806451613, 1.07
80.64516129032258, 1.07
79.68253968253968, 1.09
80.0, 1.09
80.31746031746032, 1.09
80.63492063492063, 1.09
80.95238095238095, 1.09
80.0, 1.1
80.3125, 1.1
80.625, 1.1
80.9375, 1.1
81.25, 1.1
80.3076923076923, 1.12
80.61538461538461, 1.12
80.92307692307692, 1.12
81.23076923076923, 1.12
81.53846153846153, 1.12
81.84615384615384, 1.12
82.15384615384616, 1.12
82.46153846153847, 1.12
81.51515151515152, 1.14
81.81818181818183, 1.14
82.12121212121211, 1.14
82.42424242424242, 1.14
82.72727272727273, 1.14
81.7910447761194, 1.15
82.08955223880598, 1.15
82.38805970149254, 1.15
82.68656716417911, 1.15
82.98507462686567, 1.15
83.28358208955224, 1.15
83.5820895522388, 1.15
83.88059701492537, 1.15
84.17910447761194, 1.15
84.4776119402985, 1.15
84.77611940298507, 1.15
85.07462686567165, 1.15
85.37313432835822, 1.15
85.67164179104478, 1.16
85.45994065281899, 1.16
85.0, 1.17
85.29411764705883, 1.17
85.58823529411764, 1.17
85.88235294117646, 1.17
86.1764705882353, 1.17
86.47058823529412, 1.17
85.5072463768116, 1.18
85.79710144927536, 1.19
86.08695652173914, 1.19
86.37681159420289, 1.19
86.66666666666667, 1.19
86.95652173913044, 1.19
87.2463768115942, 1.19
87.28323699421965, 1.19
87.57225433526011, 1.19
87.60806916426513, 1.19
87.14285714285714, 1.2
87.42857142857143, 1.2
87.71428571428571, 1.2
88.0, 1.2
88.28571428571429, 1.2
88.57142857142857, 1.2
88.85714285714286, 1.2
87.88732394366198, 1.22
88.16901408450704, 1.22
88.45070422535211, 1.22
88.73239436619718, 1.22
89.01408450704226, 1.22
88.05555555555556, 1.24
88.33333333333333, 1.24
88.61111111111111, 1.24
88.88888888888889, 1.24
89.16666666666667, 1.24
89.44444444444444, 1.24
89.72222222222223, 1.24
90.0, 1.24
89.04109589041096, 1.24
89.31506849315069, 1.24
89.58904109589041, 1.24
89.86301369863014, 1.25
90.13698630136986, 1.25
90.41095890410958, 1.25
90.68493150684932, 1.25
90.95890410958904, 1.26
91.23287671232877, 1.26
91.5068493150685, 1.26
91.78082191780823, 1.26
92.05479452054794, 1.26
92.32876712328768, 1.26
91.35135135135135, 1.26
91.62162162162161, 1.27
91.8918918918919, 1.27
92.16216216216216, 1.27
92.43243243243244, 1.27
92.7027027027027, 1.27
91.73333333333333, 1.28
92.0, 1.29
92.26666666666667, 1.29
92.53333333333333, 1.29
92.80000000000001, 1.29
93.06666666666666, 1.29
93.08510638297872, 1.29
92.36842105263158, 1.31
92.63157894736842, 1.31
92.89473684210526, 1.31
93.15789473684211, 1.31
93.42105263157895, 1.31
92.46753246753246, 1.32
92.72727272727272, 1.32
92.98701298701299, 1.32
93.24675324675324, 1.32
93.5064935064935, 1.32
93.76623376623377, 1.33
92.82051282051282, 1.34
93.07692307692308, 1.34
93.33333333333333, 1.34
93.58974358974359, 1.34
93.84615384615384, 1.34
92.91139240506328, 1.36
93.16455696202532, 1.36
93.41772151898734, 1.36
93.67088607594937, 1.36
93.92405063291139, 1.36
93.0, 1.37
93.25, 1.37
93.5, 1.37
93.75, 1.37
94.0, 1.37
94.25, 1.37
93.33333333333333, 1.39
93.58024691358024, 1.39
93.82716049382715, 1.39
94.07407407407408, 1.39
94.32098765432099, 1.39
93.41463414634147, 1.41
93.65853658536587, 1.41
93.90243902439023, 1.41
94.14634146341463, 1.41
94.39024390243902, 1.41
93.49397590361446, 1.42
93.73493975903614, 1.42
93.97590361445783, 1.42
94.21686746987952, 1.42
94.4578313253012, 1.42
94.6987951807229, 1.42
93.80952380952381, 1.44
94.04761904761905, 1.44
94.28571428571428, 1.44
94.52380952380952, 1.44
94.76190476190476, 1.44
95.0, 1.44
94.11764705882352, 1.45
94.35294117647058, 1.45
94.58823529411765, 1.45
94.82352941176471, 1.46
95.05882352941177, 1.46
95.29411764705881, 1.46
95.52941176470588, 1.46
95.76470588235294, 1.46
96.0, 1.46
95.11627906976744, 1.46
95.34883720930233, 1.47
95.5813953488372, 1.47
95.81395348837209, 1.47
96.04651162790697, 1.47
96.27906976744185, 1.47
96.51162790697676, 1.47
96.74418604651163, 1.47
95.86206896551724, 1.49
96.0919540229885, 1.49
96.32183908045977, 1.49
96.55172413793103, 1.49
96.7816091954023, 1.49
95.9090909090909, 1.5
95.0561797752809, 1.52
91.18279569892474, 1.59
91.39784946236558, 1.59
91.22055674518201, 1.6
90.85106382978724, 1.61
91.06382978723404, 1.61
90.31578947368422, 1.62
90.52631578947368, 1.62
90.73684210526316, 1.62
90.94736842105263, 1.62
91.15789473684211, 1.62
91.36842105263158, 1.62
91.57894736842105, 1.63
91.40461215932913, 1.63
91.04166666666667, 1.63
91.25, 1.63
91.45833333333333, 1.63
91.66666666666666, 1.63
91.875, 1.64
91.1340206185567, 1.65
91.34020618556701, 1.65
91.54639175257732, 1.65
91.75257731958763, 1.65
91.95876288659794, 1.65
92.16494845360825, 1.65
92.37113402061856, 1.65
92.38683127572016, 1.66
91.83673469387756, 1.67
92.04081632653062, 1.67
92.24489795918367, 1.67
92.44897959183673, 1.67
92.65306122448979, 1.67
92.85714285714286, 1.67
92.87169042769857, 1.68
92.32323232323232, 1.68
92.52525252525253, 1.68
92.72727272727272, 1.69
92.92929292929293, 1.69
93.13131313131314, 1.69
93.33333333333333, 1.69
93.53535353535354, 1.69
93.36016096579478, 1.7
93.56136820925553, 1.7
93.7625754527163, 1.7
93.96378269617706, 1.7
94.16498993963782, 1.7
94.36619718309859, 1.7
94.56740442655935, 1.7
94.76861167002012, 1.7
94.96981891348088, 1.7
94.6, 1.7
94.8, 1.7
95.0, 1.71
95.19999999999999, 1.71
95.0199203187251, 1.71
95.2191235059761, 1.71
94.85148514851485, 1.71
95.04950495049505, 1.71
95.24752475247524, 1.71
95.44554455445544, 1.71
95.64356435643563, 1.71
95.84158415841584, 1.72
96.03960396039604, 1.72
96.23762376237623, 1.73
96.43564356435644, 1.73
96.63366336633663, 1.73
96.44970414201184, 1.73
96.64694280078896, 1.73
96.84418145956607, 1.73
96.47058823529412, 1.73
96.66666666666667, 1.74
95.92233009708738, 1.76
95.1923076923077, 1.77
95.38461538461539, 1.77
95.57692307692308, 1.78
95.76923076923077, 1.78
95.96153846153847, 1.78
95.78544061302682, 1.78
95.42857142857143, 1.79
95.61904761904762, 1.79
95.62737642585552, 1.79
95.81749049429658, 1.79
95.64393939393939, 1.8
95.47169811320755, 1.8
95.66037735849056, 1.81
95.66854990583803, 1.81
95.85687382297552, 1.81
95.86466165413535, 1.81
96.05263157894737, 1.81
96.2406015037594, 1.81
96.42857142857143, 1.81
96.61654135338345, 1.81
96.80451127819549, 1.81
96.99248120300751, 1.81
96.6355140186916, 1.83
96.46182495344506, 1.83
96.64804469273743, 1.83
96.8342644320298, 1.83
96.48148148148148, 1.84
96.30996309963099, 1.85
95.96330275229357, 1.85
96.1467889908257, 1.85
96.3302752293578, 1.86
96.16087751371116, 1.86
95.81818181818181, 1.87
96.0, 1.88
96.18181818181817, 1.88
96.18874773139746, 1.88
95.67567567567568, 1.88
95.85585585585585, 1.89
95.86330935251799, 1.9
95.35714285714286, 1.9
94.69026548672566, 1.92
94.86725663716814, 1.92
95.04424778761062, 1.92
95.2212389380531, 1.93
95.39823008849557, 1.93
95.23809523809523, 1.93
94.91228070175438, 1.93
95.08771929824562, 1.94
94.43478260869566, 1.95
94.6086956521739, 1.96
93.96551724137932, 1.97
94.13793103448276, 1.98
94.3103448275862, 1.98
94.15807560137456, 1.98
93.84615384615384, 1.99
93.22033898305084, 2.0
93.38983050847457, 2.0
93.55932203389831, 2.0
93.72881355932203, 2.0
93.89830508474576, 2.0
94.0677966101695, 2.0
94.23728813559322, 2.0
94.40677966101696, 2.0
94.57627118644068, 2.0
94.74576271186442, 2.0
94.91525423728814, 2.0
95.08474576271186, 2.0
95.25423728813558, 2.0
95.42372881355932, 2.0
95.59322033898306, 2.0
95.76271186440678, 2.0
95.9322033898305, 2.0
96.10169491525423, 2.0
96.27118644067797, 2.0
96.4406779661017, 2.0
96.61016949152543, 2.0
96.77966101694915, 2.0
96.94915254237289, 2.0
97.11864406779661, 2.0
97.28813559322033, 2.0
97.6271186440678, 2.0
97.45762711864407, 2.0
97.79661016949153, 2.0
97.96610169491525, 2.0
98.13559322033898, 2.0
98.30508474576271, 2.0
98.47457627118644, 2.0
98.64406779661017, 2.0
98.8135593220339, 2.0
98.98305084745763, 2.0
99.15254237288136, 2.0
99.32203389830508, 2.0
99.49152542372882, 2.0
99.66101694915255, 2.0
99.83050847457628, 2.0
100.0, 2.0
100.16949152542374, 2.0
100.33898305084745, 2.0
100.50847457627118, 2.0
100.6779661016949, 2.0
100.84745762711864, 2.0
101.01694915254238, 2.0
101.18644067796609, 2.0
101.35593220338983, 2.0
101.52542372881356, 2.0
101.69491525423729, 2.01
101.00840336134453, 2.02
100.83752093802345, 2.03
100.49999999999999, 2.04
100.66666666666666, 2.04
100.83333333333333, 2.04
101.0, 2.04
100.33057851239668, 2.05
100.49586776859505, 2.05
100.6611570247934, 2.05
100.82644628099173, 2.05
100.99173553719008, 2.05
101.15702479338844, 2.06
101.32231404958678, 2.06
101.15321252059309, 2.07
100.81967213114753, 2.07
100.98360655737706, 2.07
101.14754098360656, 2.07
101.31147540983608, 2.08
100.65040650406505, 2.09
100.8130081300813, 2.09
100.97560975609755, 2.09
101.13821138211382, 2.09
100.48387096774194, 2.1
100.64516129032258, 2.1
100.80645161290323, 2.1
100.96774193548387, 2.1
100.80385852090032, 2.12
100.47999999999999, 2.12
100.64, 2.12
100.8, 2.12
100.96000000000001, 2.12
101.12, 2.12
101.27999999999999, 2.13
100.63492063492063, 2.14
100.79365079365078, 2.14
100.95238095238095, 2.14
101.11111111111111, 2.14
101.1093502377179, 2.15
101.10759493670886, 2.15
101.26582278481013, 2.15
100.94488188976378, 2.15
101.10236220472441, 2.15
101.25984251968505, 2.15
101.41732283464566, 2.15
101.5748031496063, 2.15
101.73228346456693, 2.16
101.88976377952757, 2.16
101.25, 2.17
101.40625000000001, 2.18
100.7751937984496, 2.19
100.93023255813954, 2.19
101.08527131782945, 2.19
101.2403100775194, 2.19
101.39534883720931, 2.19
101.23647604327665, 2.2
101.39103554868625, 2.2
101.07692307692308, 2.2
101.23076923076924, 2.2
101.38461538461539, 2.2
100.76335877862594, 2.22
100.91603053435114, 2.22
101.06870229007635, 2.22
101.22137404580154, 2.22
101.37404580152672, 2.23
101.52671755725191, 2.23
100.9090909090909, 2.24
101.06060606060605, 2.24
101.21212121212122, 2.24
101.36363636363637, 2.24
101.36157337367624, 2.25
101.51285930408471, 2.25
101.05263157894737, 2.25
101.20300751879698, 2.26
101.35338345864662, 2.26
101.50375939849626, 2.26
101.50150150150151, 2.26
101.044776119403, 2.27
101.19402985074626, 2.28
101.34328358208955, 2.28
101.34128166915053, 2.28
100.8888888888889, 2.29
101.03703703703704, 2.29
101.18518518518518, 2.29
101.33333333333334, 2.29
101.48148148148148, 2.29
101.62962962962962, 2.29
101.77777777777777, 2.29
101.17647058823529, 2.31
101.3235294117647, 2.31
101.47058823529412, 2.31
101.61764705882352, 2.31
101.76470588235293, 2.31
101.91176470588235, 2.31
101.3138686131387, 2.32
101.45985401459853, 2.32
101.60583941605839, 2.32
101.75182481751825, 2.32
101.89781021897811, 2.32
102.04379562043795, 2.33
101.44927536231884, 2.34
101.59420289855072, 2.34
101.7391304347826, 2.34
101.73661360347323, 2.35
101.73410404624276, 2.35
101.43884892086331, 2.36
101.58273381294964, 2.36
101.72661870503596, 2.36
101.87050359712231, 2.36
101.7216642754663, 2.37
101.42857142857142, 2.37
101.57142857142858, 2.37
100.99290780141843, 2.39
101.13475177304964, 2.39
101.27659574468085, 2.39
100.42134831460675, 2.42
100.13986013986013, 2.42
100.27972027972028, 2.43
99.72222222222223, 2.44
99.58448753462605, 2.45
99.7229916897507, 2.45
99.86149584487535, 2.45
99.58620689655172, 2.46
99.72413793103449, 2.46
99.72451790633609, 2.46
99.72489683631362, 2.47
99.45205479452055, 2.47
99.58904109589041, 2.47
99.72602739726028, 2.47
99.18367346938776, 2.49
99.31972789115646, 2.5
99.18588873812755, 2.5
99.32157394843962, 2.5
99.05405405405405, 2.5
98.92183288409704, 2.52
98.65771812080537, 2.52
97.87234042553192, 2.55
98.00531914893617, 2.55
97.74834437086093, 2.56
97.23684210526315, 2.57
96.73202614379085, 2.59
96.86274509803921, 2.59
96.74054758800521, 2.6
96.4935064935065, 2.61
96.62337662337663, 2.61
96.50259067357513, 2.62
96.6321243523316, 2.62
96.76165803108809, 2.62
96.51612903225806, 2.62
96.64516129032258, 2.63
96.7741935483871, 2.63
96.90322580645162, 2.63
97.03225806451613, 2.63
97.16129032258064, 2.63
97.29032258064517, 2.63
97.29381443298969, 2.63
97.42268041237114, 2.63
97.55154639175258, 2.63
97.68041237113401, 2.63
97.43260590500643, 2.64
97.31113956466069, 2.65
97.43918053777209, 2.65
97.56722151088348, 2.65
97.69526248399488, 2.65
97.82330345710626, 2.65
97.95134443021767, 2.65
97.70408163265306, 2.65
97.83163265306123, 2.66
97.95918367346938, 2.66
97.83715012722645, 2.67
97.59188846641318, 2.68
97.71863117870723, 2.68
97.84537389100126, 2.68
97.9721166032953, 2.68
97.9746835443038, 2.68
98.10126582278481, 2.68
98.22784810126582, 2.69
98.35443037974684, 2.69
98.10844892812106, 2.69
98.23455233291298, 2.69
98.36065573770492, 2.7
98.48675914249685, 2.7
98.61286254728878, 2.7
98.7389659520807, 2.7
98.86506935687264, 2.7
98.99117276166457, 2.7
99.11727616645649, 2.7
99.24337957124843, 2.7
99.36948297604036, 2.7
99.37027707808565, 2.7
99.49622166246851, 2.7
99.24717691342535, 2.71
99.37264742785446, 2.71
99.49811794228356, 2.71
99.62358845671268, 2.71
99.74905897114178, 2.71
99.87452948557089, 2.71
100.0, 2.71
100.12547051442911, 2.71
100.25094102885821, 2.71
100.25062656641603, 2.72
100.25031289111391, 2.72
100.37546933667083, 2.72
100.12468827930175, 2.72
100.24937655860349, 2.73
100.37406483790522, 2.73
100.49875311720697, 2.73
100.62344139650872, 2.73
100.74812967581049, 2.73
100.62189054726369, 2.73
100.74626865671641, 2.74
100.49566294919454, 2.74
100.61957868649318, 2.75
100.74349442379183, 2.75
100.24630541871922, 2.76
100.36945812807883, 2.76
100.49261083743843, 2.76
100.61576354679802, 2.76
100.12239902080783, 2.77
100.24479804161565, 2.78
99.7566909975669, 2.79
99.87834549878345, 2.79
100.0, 2.8
100.12165450121655, 2.8
100.24330900243311, 2.8
100.36496350364963, 2.8
100.48661800486617, 2.8
100.60827250608273, 2.8
100.6075334143378, 2.8
100.72904009720534, 2.8
100.8505467800729, 2.8
100.60532687651332, 2.81
100.726392251816, 2.81
100.84745762711864, 2.81
100.96852300242132, 2.81
101.08958837772397, 2.81
101.21065375302662, 2.81
101.20918984280532, 2.82
101.20772946859904, 2.82
101.32850241545894, 2.82
101.08303249097472, 2.83
101.20336943441637, 2.83
101.08043217286915, 2.84
101.20048019207684, 2.84
101.32052821128453, 2.84
100.83532219570405, 2.85
100.9546539379475, 2.85
100.71343638525565, 2.86
100.83234244946493, 2.86
100.9512485136742, 2.86
100.83036773428233, 2.87
100.94899169632265, 2.87
100.70921985815602, 2.88
100.58962264150944, 2.88
100.70754716981132, 2.89
100.8254716981132, 2.89
100.58754406580495, 2.9
100.46893317702228, 2.9
100.58616647127785, 2.9
100.35046728971963, 2.91
100.46728971962618, 2.92
100.34965034965036, 2.92
100.46620046620048, 2.92
100.58275058275059, 2.92
100.69930069930071, 2.92
100.46457607433217, 2.93
100.58072009291521, 2.93
100.69686411149826, 2.93
100.57937427578216, 2.93
100.34642032332563, 2.94
100.46189376443418, 2.94
100.57736720554273, 2.95
100.69284064665128, 2.95
100.57603686635946, 2.95
100.34443168771527, 2.96
100.3440366972477, 2.97
100.0, 2.97
100.11415525114155, 2.98
100.22831050228311, 2.98
100.34246575342465, 2.98
100.4566210045662, 2.98
100.57077625570776, 2.98
100.68493150684932, 2.98
100.79908675799088, 2.98
100.91324200913243, 2.98
100.79726651480638, 2.99
100.56753688989784, 3.0
100.68104426787741, 3.0
100.56625141562854, 3.0
100.67950169875424, 3.0
100.79275198187996, 3.0
100.90600226500565, 3.0
101.01925254813138, 3.0
101.13250283125707, 3.0
101.24575311438278, 3.0
101.3590033975085, 3.0
101.4722536806342, 3.0
101.58550396375992, 3.0
101.69875424688561, 3.0
101.81200453001134, 3.0
101.92525481313703, 3.0
102.03850509626274, 3.0
102.15175537938845, 3.0
102.26500566251416, 3.0
102.37825594563988, 3.0
102.49150622876557, 3.0
102.60475651189127, 3.0
102.71800679501699, 3.0
102.83125707814268, 3.0
102.9445073612684, 3.0
103.05775764439412, 3.0
103.17100792751981, 3.0
103.28425821064553, 3.0
103.39750849377123, 3.0
103.51075877689695, 3.0
103.62400906002264, 3.0
103.73725934314835, 3.0
103.85050962627406, 3.0
103.96375990939977, 3.0
104.07701019252549, 3.0
104.19026047565119, 3.0
104.30351075877691, 3.0
104.4167610419026, 3.0
104.53001132502831, 3.0
104.64326160815402, 3.0
104.75651189127973, 3.0
104.86976217440545, 3.0
104.98301245753115, 3.0
105.09626274065684, 3.0
105.20951302378256, 3.0
105.32276330690826, 3.0
105.43601359003398, 3.0
105.54926387315969, 3.0
105.66251415628538, 3.0
105.7757644394111, 3.0
105.8890147225368, 3.0
106.00226500566252, 3.0
106.11551528878822, 3.0
105.86907449209933, 3.01
105.38720538720538, 3.03
105.26315789473684, 3.04
105.3751399776036, 3.04
105.48712206047033, 3.04
105.24553571428572, 3.04
105.35714285714286, 3.04
105.46875, 3.05
105.58035714285714, 3.05
105.456570155902, 3.05
105.56792873051224, 3.05
105.6792873051225, 3.05
105.79064587973275, 3.05
105.90200445434299, 3.05
105.66037735849056, 3.06
105.77136514983351, 3.06
105.64784053156147, 3.07
105.75858250276855, 3.07
105.86932447397564, 3.07
105.98006644518271, 3.07
105.73951434878587, 3.08
105.84988962472406, 3.08
105.96026490066225, 3.08
105.83700440528634, 3.09
105.94713656387664, 3.09
106.05726872246697, 3.09
105.81778265642153, 3.09
105.92755214050493, 3.1
106.03732162458837, 3.1
106.03070175438596, 3.1
106.02409638554218, 3.1
106.13362541073383, 3.1
106.24315443592552, 3.1
106.3526834611172, 3.1
106.46221248630887, 3.1
106.57174151150055, 3.1
106.68127053669222, 3.1
106.79079956188392, 3.1
106.55021834061135, 3.11
106.6593886462882, 3.11
106.76855895196506, 3.11
106.87772925764192, 3.11
106.98689956331877, 3.12
106.86274509803921, 3.12
106.97167755991286, 3.12
107.08061002178648, 3.12
107.18954248366013, 3.12
107.29847494553377, 3.12
107.05754614549403, 3.13
107.16612377850163, 3.13
107.15835140997831, 3.13
107.15059588299025, 3.14
107.25893824485372, 3.14
107.36728060671723, 3.14
107.12742980561556, 3.14
107.2354211663067, 3.15
107.34341252699784, 3.15
107.451403887689, 3.15
107.44336569579286, 3.15
107.4353448275862, 3.15
107.54310344827587, 3.15
107.65086206896552, 3.15
107.75862068965519, 3.15
107.86637931034481, 3.15
107.97413793103448, 3.15
107.73361976369496, 3.16
107.84103114930184, 3.16
107.9484425349087, 3.16
108.05585392051557, 3.16
108.16326530612245, 3.16
108.27067669172932, 3.16
108.3780880773362, 3.16
108.36909871244636, 3.17
108.47639484978542, 3.17
108.46730975348338, 3.17
108.57449088960342, 3.17
108.33333333333333, 3.17
108.44017094017093, 3.17
108.54700854700855, 3.17
108.65384615384615, 3.18
108.76068376068375, 3.18
108.63539445628999, 3.19
108.74200426439234, 3.19
108.84861407249467, 3.19
108.60786397449522, 3.19
108.71413390010628, 3.2
108.82040382571732, 3.2
108.69565217391303, 3.2
108.8016967126193, 3.2
108.90774125132556, 3.2
109.0137857900318, 3.2
109.11983032873806, 3.21
108.87949260042282, 3.21
108.98520084566596, 3.22
109.09090909090908, 3.22
109.08130939809925, 3.22
109.0717299578059, 3.22
109.17721518987342, 3.22
109.28270042194093, 3.22
109.38818565400842, 3.22
109.14826498422714, 3.22
109.25341745531021, 3.23
109.35856992639327, 3.23
109.46372239747635, 3.23
109.56887486855942, 3.23
109.55882352941177, 3.23
109.6638655462185, 3.23
109.30962343096233, 3.25
109.4142259414226, 3.25
109.51882845188285, 3.25
109.50888192267503, 3.25
109.49895615866387, 3.25
109.60334029227556, 3.26
109.70772442588725, 3.26
109.46930280957336, 3.26
109.57336108220603, 3.26
109.44963655244028, 3.27
109.5534787123572, 3.27
109.65732087227413, 3.27
109.42028985507247, 3.28
109.29752066115704, 3.29
109.400826446281, 3.29
109.50413223140497, 3.29
109.26879505664265, 3.29
109.37178166838311, 3.3
109.36213991769547, 3.3
109.35251798561151, 3.3
109.45529290853031, 3.31
109.55806783144912, 3.31
109.66084275436793, 3.31
109.76361767728675, 3.31
109.86639260020554, 3.31
109.63114754098359, 3.31
109.73360655737704, 3.31
109.61145194274029, 3.32
109.71370143149284, 3.32
109.91820040899796, 3.32
109.81595092024541, 3.32
110.02044989775051, 3.32
109.78593272171253, 3.33
109.88786952089704, 3.33
109.76602238046796, 3.33
109.86775178026448, 3.34
109.96948118006105, 3.34
110.07121057985758, 3.34
109.83772819472617, 3.35
109.7165991902834, 3.36
109.81781376518218, 3.36
109.91902834008098, 3.36
110.02024291497976, 3.36
109.78809283551966, 3.36
109.88900100908174, 3.37
109.76837865055387, 3.37
109.86908358509567, 3.37
109.96978851963746, 3.37
109.51903807615231, 3.38
109.61923847695391, 3.38
109.71943887775551, 3.39
109.81963927855712, 3.39
109.91983967935872, 3.39
110.02004008016033, 3.39
110.12024048096191, 3.39
109.34393638170974, 3.41
109.44333996023856, 3.42
109.32539682539681, 3.42
109.42460317460319, 3.42
109.19881305637982, 3.43
109.29772502472798, 3.43
109.39663699307616, 3.43
109.38735177865613, 3.43
109.05511811023622, 3.45
108.61900097943193, 3.46
108.50439882697947, 3.47
108.6021505376344, 3.47
108.69990224828933, 3.47
108.79765395894427, 3.47
108.89540566959921, 3.47
108.67446393762184, 3.48
108.77192982456141, 3.48
108.65758754863812, 3.49
108.75486381322956, 3.49
108.53540252182347, 3.5
108.52713178294573, 3.5
108.5188770571152, 3.5
108.61568247821877, 3.5
108.71248789932235, 3.5
108.80929332042595, 3.5
108.90609874152952, 3.51
108.68725868725868, 3.51
108.78378378378379, 3.52
108.77531340405015, 3.52
108.87174541947925, 3.52
108.96817743490838, 3.52
109.06460945033751, 3.52
108.63723608445297, 3.54
108.42105263157895, 3.55
108.0, 3.57
107.88973384030417, 3.57
107.47398297067173, 3.59
107.56859035004732, 3.59
107.6631977294229, 3.59
107.45283018867924, 3.6
107.34463276836159, 3.6
107.43879472693033, 3.6
107.2300469483568, 3.61
107.32394366197182, 3.61
107.41784037558686, 3.62
107.31021555763824, 3.62
107.40393626991565, 3.62
107.19626168224299, 3.63
107.28971962616822, 3.63
107.18283582089552, 3.64
107.27611940298507, 3.64
107.06976744186048, 3.64
107.16279069767442, 3.65
107.15613382899629, 3.65
107.14948932219129, 3.66
107.24233983286908, 3.66
107.33519034354688, 3.66
107.4280408542247, 3.66
107.22222222222221, 3.66
107.31481481481482, 3.67
107.20887245841035, 3.67
107.30129390018483, 3.67
107.39371534195934, 3.67
107.18894009216591, 3.68
107.28110599078342, 3.68
107.37327188940091, 3.68
107.46543778801842, 3.68
107.35970561177552, 3.69
107.45170193192273, 3.69
107.5436982520699, 3.69
107.33944954128441, 3.69
107.43119266055045, 3.7
107.5229357798165, 3.7
107.61467889908256, 3.7
107.70642201834862, 3.7
107.30593607305936, 3.71
107.3972602739726, 3.71
107.48858447488585, 3.71
107.57990867579909, 3.71
107.67123287671232, 3.72
107.76255707762556, 3.72
107.65724703737465, 3.72
107.74840474020056, 3.72
107.83956244302644, 3.72
107.93072014585232, 3.73
107.72727272727273, 3.73
107.81818181818181, 3.73
107.9090909090909, 3.73
108.0, 3.73
108.09090909090908, 3.73
107.98548094373865, 3.74
108.07622504537204, 3.74
108.16696914700546, 3.74
107.96380090497738, 3.75
108.05429864253394, 3.75
107.9494128274616, 3.75
108.0397470641373, 3.76
108.130081300813, 3.76
107.92792792792794, 3.76
108.01801801801803, 3.76
108.10810810810811, 3.76
108.1981981981982, 3.76
108.2882882882883, 3.77
107.89237668161435, 3.78
107.78871978513875, 3.79
107.58928571428572, 3.8
107.67857142857142, 3.8
107.57575757575756, 3.8
107.37777777777777, 3.81
107.46666666666667, 3.82
107.55555555555556, 3.82
107.45341614906832, 3.82
107.54214729370008, 3.83
107.34513274336284, 3.83
107.33863837312114, 3.84
107.3321554770318, 3.84
107.42049469964665, 3.84
107.50883392226149, 3.84
107.59717314487634, 3.84
107.21196130167105, 3.85
107.29991204925243, 3.86
107.38786279683377, 3.86
107.19298245614036, 3.86
107.28070175438596, 3.87
107.18038528896672, 3.87
107.26795096322242, 3.87
107.3555166374781, 3.87
107.16157205240175, 3.88
107.24890829694323, 3.88
106.86956521739131, 3.9
106.95652173913044, 3.9
107.04347826086958, 3.9
106.94444444444444, 3.91
107.03125, 3.91
106.83982683982684, 3.91
106.92640692640694, 3.92
107.012987012987, 3.92
107.0995670995671, 3.92
107.0008643042351, 3.92
107.08729472774417, 3.92
107.17372515125325, 3.93
106.98275862068965, 3.93
107.0689655172414, 3.93
107.15517241379311, 3.93
107.05679862306367, 3.94
107.14285714285714, 3.94
107.2289156626506, 3.94
107.31497418244406, 3.94
107.12446351931331, 3.95
107.21030042918456, 3.95
107.11225364181662, 3.96
107.19794344473009, 3.96
106.82593856655289, 3.98
106.91126279863481, 3.98
106.99658703071673, 3.98
107.08191126279864, 3.98
106.8936170212766, 3.98
106.88775510204083, 3.99
106.88190314358539, 3.99
106.96686491079015, 4.0
106.77966101694916, 4.0
106.86440677966102, 4.0
106.94915254237287, 4.0
107.03389830508473, 4.0
107.11864406779661, 4.0
107.20338983050848, 4.0
107.28813559322035, 4.0
107.3728813559322, 4.0
107.45762711864406, 4.0
107.54237288135593, 4.0
107.62711864406779, 4.0
107.71186440677967, 4.0
107.79661016949153, 4.0
107.96610169491525, 4.0
107.88135593220338, 4.0
108.05084745762711, 4.0
108.04403048264184, 4.0
108.12870448772227, 4.0
108.2133784928027, 4.0
108.20642978003383, 4.0
108.29103214890017, 4.0
108.3756345177665, 4.0
108.46023688663283, 4.0
108.54483925549916, 4.0
108.62944162436547, 4.0
108.71404399323181, 4.0
108.79864636209813, 4.01
108.88324873096447, 4.01
108.96785109983081, 4.01
109.05245346869712, 4.01
108.40336134453781, 4.03
108.48739495798318, 4.03
108.48026868178002, 4.04
108.56423173803526, 4.04
108.55704697986577, 4.04
108.64093959731545, 4.04
108.36120401337791, 4.05
108.35421888053467, 4.05
108.43776106934003, 4.06
108.25, 4.07
108.153078202995, 4.07
108.23627287853577, 4.07
108.04979253112033, 4.08
108.13278008298755, 4.08
108.21576763485477, 4.08
108.29875518672199, 4.09
108.20215410107706, 4.09
108.28500414250206, 4.09
108.09917355371901, 4.1
108.18181818181817, 4.1
108.26446280991735, 4.1
108.34710743801652, 4.1
108.4297520661157, 4.1
108.42279108175062, 4.1
108.41584158415843, 4.1
108.4983498349835, 4.11
108.58085808580857, 4.11
108.66336633663367, 4.11
108.74587458745874, 4.11
108.82838283828382, 4.11
108.91089108910892, 4.11
108.72427983539094, 4.11
108.80658436213993, 4.11
108.88888888888889, 4.12
108.88157894736842, 4.12
108.9638157894737, 4.12
108.95645028759245, 4.12
109.03861955628595, 4.12
109.12078882497947, 4.12
109.20295809367298, 4.12
109.28512736236648, 4.13
109.09836065573771, 4.13
109.18032786885246, 4.13
109.26229508196721, 4.13
109.25470925470925, 4.14
109.33660933660934, 4.14
109.328968903437, 4.14
109.41080196399344, 4.14
109.22448979591837, 4.15
109.3061224489796, 4.15
109.38775510204081, 4.15
109.46938775510205, 4.15
109.55102040816327, 4.15
109.45395273023635, 4.15
109.53545232273838, 4.16
109.61695191524043, 4.16
109.69845150774246, 4.16
109.7799511002445, 4.16
109.86145069274653, 4.16
109.67479674796748, 4.16
109.75609756097562, 4.16
109.83739837398375, 4.17
109.91869918699186, 4.17
110.00000000000001, 4.17
109.90259740259741, 4.17
109.98376623376625, 4.17
110.06493506493507, 4.17
110.14610389610388, 4.17
110.22727272727273, 4.17
110.30844155844154, 4.18
110.12145748987854, 4.18
110.20242914979757, 4.18
110.1050929668553, 4.19
110.18593371059013, 4.19
110.00000000000001, 4.2
109.90338164251207, 4.2
109.98389694041867, 4.21
110.06441223832527, 4.21
110.14492753623189, 4.21
109.95983935742973, 4.22
110.04016064257027, 4.22
109.943865276664, 4.22
110.02405773857258, 4.23
110.10425020048116, 4.23
109.92, 4.23
110.00000000000001, 4.23
110.08, 4.23
109.98402555910542, 4.25
110.06389776357828, 4.25
109.88047808764941, 4.25
109.96015936254979, 4.25
110.0398406374502, 4.25
110.11952191235059, 4.25
110.02386634844869, 4.26
110.10342084327765, 4.26
110.18297533810659, 4.26
110.26252983293557, 4.26
110.07936507936509, 4.27
110.15873015873017, 4.27
110.23809523809524, 4.27
110.31746031746033, 4.27
110.22187004754358, 4.27
110.30110935023771, 4.28
110.38034865293184, 4.28
110.19762845849803, 4.28
110.1026045777427, 4.29
110.1815311760063, 4.29
110.00000000000001, 4.3
110.07874015748031, 4.3
110.15748031496062, 4.3
110.23622047244095, 4.3
110.14150943396226, 4.31
109.9607843137255, 4.31
110.0392156862745, 4.32
110.11764705882352, 4.32
110.19607843137256, 4.32
110.27450980392157, 4.32
110.35294117647058, 4.32
110.25841816758026, 4.32
110.33672670321064, 4.32
110.41503523884104, 4.32
110.49334377447141, 4.32
110.5716523101018, 4.32110.64996084573218, 4.32

110.72826938136258, 4.33
110.80657791699295, 4.33
110.625, 4.33
110.53042121684868, 4.34
110.35019455252919, 4.35
110.25641025641026, 4.36
110.33411033411033, 4.36
110.41181041181041, 4.36
110.23255813953487, 4.37
110.31007751937985, 4.37
110.38759689922482, 4.37
110.29411764705883, 4.37
110.37151702786379, 4.37
110.44891640866874, 4.37
110.5263157894737, 4.37
110.34749034749034, 4.38
110.42471042471043, 4.38
110.33153430994602, 4.39
110.40863531225907, 4.39
110.48573631457208, 4.39
110.56283731688512, 4.39
110.21505376344085, 4.41
110.03831417624521, 4.42
110.11494252873564, 4.42
110.19157088122607, 4.42
110.09946442234124, 4.42
110.17597551644988, 4.43
110.00000000000001, 4.44
109.90853658536585, 4.44
109.73384030418252, 4.45
109.80988593155894, 4.45
109.71905846621108, 4.46
109.54545454545455, 4.47
109.62121212121212, 4.47
109.53101361573374, 4.47
109.60665658093798, 4.47
109.68229954614222, 4.47
109.75794251134646, 4.48
109.8335854765507, 4.48
109.90922844175492, 4.48
109.98487140695916, 4.48
109.39849624060149, 4.5
109.47368421052633, 4.5
109.54887218045113, 4.5
109.62406015037594, 4.5
109.69924812030074, 4.5
109.77443609022556, 4.5
109.68468468468468, 4.51
109.75975975975976, 4.51
109.58801498127342, 4.52
109.66292134831461, 4.52
109.57367240089752, 4.53
109.64846671652954, 4.53
109.4776119402985, 4.53
109.1449814126394, 4.55
109.05716406829993, 4.56
108.88888888888889, 4.57
108.80177514792899, 4.58
108.63468634686346, 4.59
108.54826823876198, 4.59
108.62196020633752, 4.59
108.45588235294117, 4.6
108.44966936076415, 4.61
108.44346549192365, 4.61
108.51688693098384, 4.61
108.59030837004404, 4.61
108.66372980910425, 4.62
108.73715124816445, 4.62
108.41258229700072, 4.63
108.24817518248176, 4.63
108.32116788321169, 4.63
108.3941605839416, 4.64
108.46715328467154, 4.64
108.54014598540147, 4.64
108.45481049562682, 4.64
108.52769679300292, 4.64
108.36363636363637, 4.65
108.43636363636364, 4.65
108.50909090909092, 4.65
108.4241103848947, 4.66
108.49673202614379, 4.66
108.56935366739289, 4.66
108.64197530864197, 4.66
108.71459694989107, 4.67
108.55072463768116, 4.67
108.6231884057971, 4.67
108.5383502170767, 4.68
108.61070911722142, 4.68
108.4476534296029, 4.68
108.3633741888969, 4.69
108.43547224224946, 4.69
108.50757029560202, 4.69
108.57966834895458, 4.7
108.65176640230713, 4.7
108.7238644556597, 4.7
108.40517241379311, 4.71
108.47701149425288, 4.71
108.54885057471265, 4.71
108.62068965517241, 4.71
108.69252873563218, 4.72
108.53046594982078, 4.72
108.6021505376344, 4.72
108.51825340014317, 4.72
108.5898353614889, 4.73
108.66141732283465, 4.73
108.73299928418038, 4.73
108.80458124552612, 4.73
108.64285714285715, 4.74
108.71428571428572, 4.74
108.78571428571429, 4.74
108.85714285714285, 4.74
108.77318116975749, 4.74
108.84450784593437, 4.75
108.91583452211127, 4.75
108.75444839857651, 4.75
108.8256227758007, 4.75
108.74200426439234, 4.76
108.8130774697939, 4.76
108.88415067519546, 4.76
108.95522388059702, 4.76
108.79432624113474, 4.77
108.71104815864024, 4.78
108.78186968838529, 4.78
108.8526912181303, 4.78
108.53916725476358, 4.8
108.38028169014085, 4.8
108.45070422535213, 4.8
108.52112676056338, 4.8
108.59154929577466, 4.8
108.66197183098592, 4.8
108.57946554149085, 4.81
108.64978902953585, 4.81
108.72011251758087, 4.81
108.79043600562588, 4.82
108.479327259986, 4.83
108.54940434477926, 4.83
108.61948142957255, 4.83
108.68955851436579, 4.83
108.53146853146853, 4.84
108.60139860139859, 4.84
108.67132867132867, 4.84
108.58938547486035, 4.84
108.65921787709499, 4.84
108.72905027932961, 4.84
108.79888268156424, 4.84
108.86871508379888, 4.84
108.93854748603351, 4.84
108.78048780487805, 4.85
108.85017421602787, 4.85
108.91986062717771, 4.85
108.83785664578984, 4.86
108.90744606819764, 4.86
108.74999999999999, 4.87
108.81944444444444, 4.87
108.88888888888889, 4.87
108.80721220527046, 4.87
108.87656033287101, 4.88
108.94590846047156, 4.88
109.01525658807212, 4.88
109.08460471567267, 4.88
108.92733564013841, 4.89
108.99653979238755, 4.89
108.68965517241381, 4.9
108.75862068965519, 4.9
108.82758620689654, 4.91
108.89655172413792, 4.91
108.9655172413793, 4.91
108.88429752066115, 4.91
108.95316804407713, 4.92
108.79725085910653, 4.92
108.8659793814433, 4.92
108.93470790378007, 4.92
109.00343642611683, 4.92
108.92244337680164, 4.93
108.99107755662321, 4.93
109.05971173644475, 4.93
109.1283459162663, 4.93
109.19698009608784, 4.93
109.2656142759094, 4.93
109.33424845573097, 4.93
109.17808219178082, 4.94
109.09712722298221, 4.94
109.16552667578658, 4.95
109.01023890784982, 4.95
109.07849829351537, 4.95
109.1467576791809, 4.96
109.06612133606, 4.96
108.91156462585035, 4.97
108.97959183673468, 4.97
108.89945652173914, 4.98
108.96739130434783, 4.98
109.03532608695652, 4.98
108.88135593220338, 4.99
108.801624915369, 5.0
108.8693297224103, 5.0
requests, 1477
errors, 1608
