Infinity, 0.0
0.19782393669634024, 0.07
0.2590673575129534, 0.07
0.3305785123966942, 0.07
0.38109756097560976, 0.08
0.45662100456621, 0.08
0.4697986577181208, 0.09
0.46783625730994155, 0.1
0.48833423765599565, 0.1
0.32938076416337286, 0.16
0.10544478527607362, 0.5
0.07405121875964209, 0.76
0.07616146230007616, 0.81
0.08066839527513685, 0.83
0.06962495358336428, 1.05
0.07296939845852146, 1.06
0.07610009400599847, 1.08
0.07872638208537439, 1.11
0.07727660959043398, 1.19
0.08125126955108673, 1.19
0.08093421204763557, 1.26
0.08438818565400844, 1.26
0.08643042350907519, 1.29
0.08937881722031879, 1.3
0.09304402843425509, 1.3
0.09452826758771132, 1.33
0.0943857931902398, 1.39
0.09780292710188969, 1.39
0.10031131096506399, 1.4
0.10374520178441746, 1.4
0.10660247592847318, 1.41
0.10290381708846512, 1.51
0.0947268708556994, 1.69
0.09691855990422166, 1.7
0.09974635925788708, 1.7
0.10219433956908054, 1.71
0.10281204846059797, 1.75
0.10557901755945767, 1.75
0.10833032415766229, 1.75
0.11096931698385397, 1.75
0.11290722330845704, 1.76
0.11563239909696602, 1.76
0.11474010033087843, 1.82
0.11622378361244651, 1.84
0.11814744801512288, 1.85
0.11973865736522894, 1.87
0.12232256721234677, 1.87
0.12474660845158272, 1.87
0.12723307021188202, 1.87
0.1297723792468011, 1.87
0.13231631382316314, 1.88
0.13293792821351877, 1.9
0.11647839655399762, 2.23
0.11815934005820442, 2.24
0.12029220069113336, 2.24
0.12238564591210087, 2.25
0.12449492191765861, 2.25
0.12664031965763445, 2.25
0.12880408680085578, 2.25
0.1309814879497031, 2.25
0.13315869897402313, 2.25
0.13532981184790674, 2.25
0.13703397572541, 2.26
0.13907299159043005, 2.26
0.14010432383497864, 2.28
0.14220766628600978, 2.28
0.143591941705958, 2.29
0.14563210759642775, 2.29
0.14776109814334967, 2.29
0.14979991012005395, 2.29
0.15185541653299112, 2.29
0.15380343067096747, 2.3
0.15587632388110695, 2.3
0.15799137452495837, 2.3
0.1599419943700418, 2.3
0.16188123029735027, 2.31
0.1638716267983315, 2.31
0.165717685051415, 2.31
0.16777098199116547, 2.31
0.1698585927215593, 2.31
0.1719307182883342, 2.32
0.17368097769682078, 2.32
0.17573204039719675, 2.32
0.17675279858597762, 2.33
0.17878928105674982, 2.34
0.18087366185037962, 2.34
0.1823555304030686, 2.34
0.18332187571610106, 2.36
0.18537032408564524, 2.36
0.18739068876488715, 2.36
0.18913807079167794, 2.36
0.19109735579419646, 2.37
0.19298609670056027, 2.37
0.1950328858642654, 2.37
0.19692792437967704, 2.37
0.19899672484557027, 2.37
0.20096546294569786, 2.37
0.20303306538493412, 2.37
0.20499865404924109, 2.37
0.20663291662361816, 2.38
0.20869062131950328, 2.38
0.2103049421661409, 2.38
0.21230547253426774, 2.38
0.21424304225119997, 2.38
0.2162496138399753, 2.39
0.21691973969631237, 2.4
0.21889448058590075, 2.4
0.22074603985692384, 2.4
0.22251255460743885, 2.41
0.22337293126205707, 2.42
0.225229795264087, 2.42
0.2263861095951327, 2.43
0.2251668825346219, 2.47
0.1978754426161216, 2.83
0.1954718520533043, 2.89
0.19149814279818408, 2.97
0.18188884570540226, 3.17
0.17978760684411807, 3.23
0.168288267903609, 3.48
0.1605694864452592, 3.68
0.15610687515320407, 3.81
0.14818053733663702, 4.05
0.14857584615756286, 4.07
0.1419397671729948, 4.31
0.13370986029993795, 4.6
0.1344530641426483, 4.62
0.13552015195330425, 4.62
0.13485750408260022, 4.67
0.1358566869925121, 4.68
0.1368694791589897, 4.68
0.13790199484183377, 4.68
0.13889765768040913, 4.68
0.1397469844071786, 4.69
0.1407518670630127, 4.69
0.1417933178586058, 4.69
0.14251283663418213, 4.7
0.14338343031774606, 4.71
0.1441885735779663, 4.71
0.1451333347254996, 4.72
0.1448151021463667, 4.76
0.14492604660246067, 4.79
0.14560667739917763, 4.81
0.1466275659824047, 4.81
0.14749866841479903, 4.81
0.14815874443127477, 4.82
0.14916223947691049, 4.82
0.1501547513253455, 4.82
0.150818803436223, 4.84
0.15182547203456323, 4.84
0.15255219827717717, 4.85
0.1535535963065784, 4.85
0.15429592333928863, 4.85
0.15473144486807375, 4.87
0.15573331175988755, 4.87
0.15648820280871084, 4.88
0.15649295280132416, 4.91
0.15746452033498823, 4.92
0.15846588971576434, 4.92
0.15801085206606644, 4.96
0.15878529251228105, 4.97
0.1594896331738437, 4.98
requests, 101467
errors, 161
