0.8, 0.43
1.4814814814814816, 0.48
1.935483870967742, 0.54
2.5, 0.54
2.7027027027027026, 0.63
3.076923076923077, 0.66
3.5897435897435894, 0.67
3.5555555555555554, 0.76
3.829787234042553, 0.79
4.166666666666666, 0.81
4.583333333333333, 0.81
5.0, 0.81
5.416666666666667, 0.81
5.833333333333333, 0.81
6.25, 0.82
6.153846153846154, 0.89
6.415094339622642, 0.9
6.428571428571428, 0.94
6.785714285714286, 0.95
7.142857142857142, 0.95
7.368421052631578, 0.96
7.586206896551724, 0.98
7.931034482758621, 0.99
8.135593220338983, 1.0
8.47457627118644, 1.0
8.813559322033898, 1.0
9.152542372881356, 1.0
9.491525423728813, 1.0
9.830508474576272, 1.0
10.16949152542373, 1.0
10.508474576271185, 1.0
10.847457627118644, 1.0
11.186440677966102, 1.0
11.525423728813559, 1.0
11.864406779661017, 1.0
12.203389830508476, 1.0
12.54237288135593, 1.0
12.88135593220339, 1.0
13.220338983050848, 1.0
13.559322033898304, 1.0
13.898305084745763, 1.0
14.237288135593221, 1.0
14.576271186440678, 1.0
14.915254237288137, 1.0
15.254237288135593, 1.0
15.593220338983052, 1.0
15.932203389830507, 1.0
16.271186440677965, 1.0
16.610169491525422, 1.0
16.94915254237288, 1.0
17.28813559322034, 1.0
17.627118644067796, 1.0
17.966101694915253, 1.0
18.305084745762713, 1.0
18.64406779661017, 1.0
18.983050847457626, 1.0
19.322033898305087, 1.0
19.661016949152543, 1.0
20.0, 1.0
20.33898305084746, 1.0
20.333333333333332, 1.01
20.666666666666668, 1.01
21.0, 1.01
21.333333333333336, 1.02
21.666666666666668, 1.02
21.639344262295083, 1.03
21.9672131147541, 1.03
21.58730158730159, 1.06
21.904761904761905, 1.07
22.22222222222222, 1.07
21.19402985074627, 1.14
21.492537313432834, 1.14
21.791044776119403, 1.14
21.142857142857142, 1.19
21.428571428571427, 1.19
21.714285714285715, 1.19
22.0, 1.19
22.285714285714285, 1.19
22.57142857142857, 1.19
22.857142857142858, 1.19
23.142857142857142, 1.19
23.42857142857143, 1.19
23.714285714285715, 1.19
23.661971830985916, 1.2
23.943661971830984, 1.2
24.225352112676056, 1.2
24.507042253521128, 1.2
24.788732394366196, 1.2
25.070422535211268, 1.2
25.352112676056336, 1.2
25.27777777777778, 1.21
25.555555555555554, 1.21
25.47945205479452, 1.23
25.753424657534246, 1.23
26.027397260273972, 1.23
26.301369863013697, 1.23
26.575342465753426, 1.23
26.84931506849315, 1.24
27.123287671232877, 1.24
27.027027027027028, 1.24
27.297297297297295, 1.25
27.56756756756757, 1.25
27.837837837837835, 1.25
28.10810810810811, 1.25
28.37837837837838, 1.25
28.64864864864865, 1.25
28.91891891891892, 1.25
29.18918918918919, 1.25
29.45945945945946, 1.25
29.72972972972973, 1.25
30.0, 1.25
30.270270270270274, 1.25
30.54054054054054, 1.25
30.810810810810814, 1.25
31.08108108108108, 1.25
31.351351351351354, 1.25
31.62162162162162, 1.26
31.891891891891895, 1.26
32.16216216216216, 1.26
32.432432432432435, 1.26
32.7027027027027, 1.26
32.972972972972975, 1.26
32.800000000000004, 1.26
33.06666666666666, 1.26
33.33333333333333, 1.26
33.6, 1.26
33.86666666666667, 1.27
32.0, 1.35
32.25, 1.36
31.70731707317073, 1.38
31.951219512195124, 1.38
32.19512195121951, 1.38
32.4390243902439, 1.39
32.6829268292683, 1.39
32.926829268292686, 1.39
32.7710843373494, 1.4
33.01204819277108, 1.4
33.25301204819277, 1.4
33.49397590361446, 1.4
32.94117647058823, 1.43
32.79069767441861, 1.46
32.64367816091954, 1.48
32.5, 1.48
32.359550561797754, 1.5
32.22222222222222, 1.51
32.44444444444444, 1.52
32.30769230769231, 1.53
32.527472527472526, 1.54
32.747252747252745, 1.54
32.967032967032964, 1.54
33.18681318681318, 1.54
33.4065934065934, 1.54
33.26086956521739, 1.55
33.47826086956522, 1.55
33.69565217391305, 1.55
33.91304347826087, 1.55
33.763440860215056, 1.57
33.97849462365591, 1.57
34.193548387096776, 1.57
34.40860215053764, 1.57
34.475374732334046, 1.58
34.46808510638298, 1.58
34.680851063829785, 1.58
34.8936170212766, 1.58
35.1063829787234, 1.58
35.319148936170215, 1.58
35.53191489361702, 1.58
35.74468085106383, 1.58
35.95744680851064, 1.58
36.17021276595745, 1.58
36.38297872340426, 1.58
36.59574468085106, 1.58
36.80851063829787, 1.58
37.02127659574468, 1.59
37.234042553191486, 1.59
37.4468085106383, 1.59
37.659574468085104, 1.59
37.87234042553192, 1.59
37.68421052631579, 1.6
37.89473684210527, 1.61
37.31958762886598, 1.63
37.52577319587629, 1.63
37.7319587628866, 1.63
37.93814432989691, 1.64
37.755102040816325, 1.65
37.57575757575757, 1.66
37.77777777777778, 1.66
37.97979797979798, 1.67
38.18181818181819, 1.67
38.38383838383838, 1.67
38.2, 1.68
38.4, 1.68
38.6, 1.68
38.800000000000004, 1.68
39.0, 1.68
39.2, 1.68
39.4, 1.68
39.6, 1.68
39.800000000000004, 1.68
40.0, 1.68
40.2, 1.68
40.400000000000006, 1.68
40.6, 1.68
40.8, 1.68
41.0, 1.68
41.199999999999996, 1.68
41.4, 1.68
41.6, 1.68
41.8, 1.68
42.199999999999996, 1.68
42.4, 1.68
42.6, 1.68
42.0, 1.68
42.8, 1.68
43.0, 1.68
43.2, 1.68
42.13592233009709, 1.73
41.523809523809526, 1.77
41.714285714285715, 1.77
41.1214953271028, 1.8
41.308411214953274, 1.8
41.11111111111111, 1.82
41.2962962962963, 1.82
41.10091743119266, 1.83
41.284403669724774, 1.84
41.090909090909086, 1.85
40.9009009009009, 1.86
41.08108108108108, 1.86
41.26126126126126, 1.87
41.44144144144144, 1.87
41.62162162162162, 1.87
41.42857142857143, 1.88
41.60714285714286, 1.88
41.785714285714285, 1.88
41.964285714285715, 1.88
42.142857142857146, 1.88
42.32142857142857, 1.88
42.5, 1.89
42.67857142857142, 1.89
42.857142857142854, 1.89
43.03571428571429, 1.89
43.214285714285715, 1.89
43.00884955752212, 1.9
43.1858407079646, 1.9
43.36283185840708, 1.9
43.53982300884956, 1.9
43.716814159292035, 1.9
43.89380530973451, 1.9
44.07079646017699, 1.9
44.24778761061947, 1.9
44.424778761061944, 1.9
44.60176991150443, 1.9
44.7787610619469, 1.9
44.955752212389385, 1.9
45.13274336283185, 1.9
45.309734513274336, 1.91
45.48672566371682, 1.91
45.663716814159294, 1.91
45.438596491228076, 1.91
45.614035087719294, 1.91
45.78947368421053, 1.92
45.96491228070175, 1.92
46.14035087719298, 1.92
46.31578947368421, 1.92
46.49122807017544, 1.93
45.86206896551724, 1.95
46.03448275862069, 1.95
46.206896551724135, 1.95
46.37931034482759, 1.95
46.55172413793103, 1.95
46.724137931034484, 1.95
46.89655172413793, 1.95
47.06896551724138, 1.95
46.837606837606835, 1.96
47.008547008547005, 1.97
47.179487179487175, 1.97
46.94915254237288, 1.98
47.62711864406779, 1.98
47.11864406779661, 1.98
47.45762711864407, 1.98
47.28813559322034, 1.98
48.13559322033898, 1.98
47.96610169491525, 1.98
47.79661016949153, 1.98
48.30508474576271, 1.98
48.47457627118644, 1.98
48.644067796610166, 1.98
48.8135593220339, 1.98
48.983050847457626, 1.98
49.152542372881356, 1.98
49.32203389830509, 1.98
49.49152542372882, 1.98
49.2436974789916, 2.0
49.411764705882355, 2.0
49.57983193277311, 2.0
49.747899159663866, 2.0
49.91596638655462, 2.0
49.666666666666664, 2.01
49.833333333333336, 2.01
50.0, 2.01
50.16666666666667, 2.02
50.33333333333333, 2.02
50.5, 2.02
50.66666666666667, 2.02
50.83333333333333, 2.02
51.0, 2.02
51.16666666666667, 2.02
51.33333333333333, 2.02
51.074380165289256, 2.03
51.2396694214876, 2.03
51.404958677685954, 2.03
51.570247933884296, 2.04
51.735537190082646, 2.04
51.90082644628099, 2.04
52.066115702479344, 2.04
52.231404958677686, 2.04
52.396694214876035, 2.05
52.56198347107438, 2.05
52.55354200988468, 2.05
52.459016393442624, 2.05
52.622950819672134, 2.05
52.78688524590164, 2.05
52.950819672131146, 2.05
53.11475409836065, 2.06
52.84552845528455, 2.06
53.008130081300806, 2.06
53.170731707317074, 2.06
53.333333333333336, 2.07
53.49593495934959, 2.07
53.65853658536586, 2.07
53.387096774193544, 2.09
52.6984126984127, 2.12
52.85714285714286, 2.12
53.01587301587302, 2.12
53.17460317460318, 2.13
53.333333333333336, 2.13
53.492063492063494, 2.13
53.65079365079365, 2.13
53.80952380952381, 2.13
53.96825396825397, 2.13
54.12698412698413, 2.13
54.285714285714285, 2.13
54.44444444444444, 2.13
54.6031746031746, 2.13
54.761904761904766, 2.13
53.64341085271318, 2.17
53.7984496124031, 2.17
53.95348837209303, 2.17
54.10852713178295, 2.18
53.84615384615385, 2.19
54.0, 2.19
54.15384615384615, 2.2
53.89312977099237, 2.2
54.045801526717554, 2.21
53.78787878787878, 2.22
53.939393939393945, 2.22
53.68421052631579, 2.23
53.83458646616541, 2.23
53.984962406015036, 2.23
54.13533834586466, 2.23
54.285714285714285, 2.25
54.02985074626866, 2.25
54.179104477611936, 2.25
54.328358208955216, 2.25
54.47761194029851, 2.25
54.62686567164179, 2.25
54.77611940298508, 2.25
54.92537313432836, 2.25
55.07462686567164, 2.26
54.81481481481482, 2.27
54.962962962962955, 2.27
53.91304347826087, 2.32
54.05797101449276, 2.32
54.20289855072464, 2.32
54.347826086956516, 2.32
54.492753623188406, 2.32
54.637681159420296, 2.32
54.78260869565217, 2.32
54.927536231884055, 2.32
55.072463768115945, 2.32
55.21739130434783, 2.32
55.362318840579704, 2.32
55.507246376811594, 2.32
55.65217391304348, 2.32
55.79710144927537, 2.32
55.94202898550724, 2.33
55.68345323741008, 2.33
55.827338129496404, 2.33
55.97122302158274, 2.34
55.714285714285715, 2.35
55.85714285714286, 2.35
56.00000000000001, 2.35
56.14285714285714, 2.36
56.285714285714285, 2.36
56.42857142857143, 2.36
56.17021276595745, 2.38
56.312056737588655, 2.38
56.45390070921986, 2.38
56.59574468085107, 2.38
56.33802816901409, 2.38
56.47887323943662, 2.38
56.61971830985916, 2.39
56.760563380281695, 2.39
56.901408450704224, 2.39
56.64335664335665, 2.4
56.78321678321679, 2.4
56.92307692307692, 2.4
57.06293706293706, 2.4
57.20279720279721, 2.4
57.34265734265735, 2.4
57.48251748251748, 2.4
57.62237762237762, 2.4
57.76223776223777, 2.4
57.90209790209791, 2.4
58.04195804195804, 2.4
58.18181818181818, 2.4
58.32167832167832, 2.4
58.46153846153847, 2.4
58.6013986013986, 2.4
58.74125874125874, 2.4
58.88111888111888, 2.41
59.02097902097903, 2.41
59.16083916083916, 2.41
59.3006993006993, 2.41
59.44055944055944, 2.41
59.58041958041959, 2.41
59.72027972027972, 2.41
59.44444444444444, 2.42
59.583333333333336, 2.42
59.72222222222222, 2.43
59.04109589041096, 2.45
59.178082191780824, 2.45
58.911564625850346, 2.47
59.04761904761905, 2.47
59.183673469387756, 2.47
59.31972789115646, 2.47
59.455782312925166, 2.47
59.591836734693885, 2.47
59.72789115646259, 2.47
59.863945578231295, 2.47
60.0, 2.47
60.68027210884354, 2.47
60.816326530612244, 2.47
60.952380952380956, 2.47
61.08843537414966, 2.47
60.27210884353742, 2.47
61.224489795918366, 2.47
61.904761904761905, 2.47
61.36054421768707, 2.47
60.136054421768705, 2.47
60.544217687074834, 2.47
61.49659863945578, 2.47
61.63265306122449, 2.47
61.7687074829932, 2.47
62.04081632653061, 2.47
62.176870748299315, 2.47
60.40816326530612, 2.47
62.31292517006802, 2.47
62.44897959183674, 2.47
62.585034013605444, 2.47
62.72108843537415, 2.47
62.857142857142854, 2.47
62.99319727891156, 2.47
63.129251700680264, 2.47
62.83783783783784, 2.48
62.972972972972975, 2.49
63.108108108108105, 2.49
63.24324324324324, 2.49
63.37837837837837, 2.5
63.08724832214765, 2.5
62.8, 2.52
62.93333333333333, 2.52
63.06666666666667, 2.52
63.2, 2.52
62.913907284768214, 2.55
62.22222222222222, 2.57
62.35294117647059, 2.57
62.48366013071895, 2.57
62.61437908496732, 2.57
62.745098039215684, 2.57
62.87581699346405, 2.58
62.5974025974026, 2.58
62.727272727272734, 2.58
62.857142857142854, 2.59
62.98701298701299, 2.59
63.116883116883116, 2.59
62.83870967741936, 2.6
62.967741935483865, 2.6
63.09677419354839, 2.6
63.2258064516129, 2.61
62.54777070063694, 2.65
62.67515923566879, 2.65
62.40506329113924, 2.65
62.53164556962025, 2.65
62.65822784810127, 2.66
62.38993710691824, 2.67
62.51572327044025, 2.67
62.64150943396226, 2.67
62.76729559748427, 2.67
62.893081761006286, 2.68
63.0188679245283, 2.68
62.74999999999999, 2.68
62.875, 2.68
63.0, 2.68
63.125, 2.68
63.24999999999999, 2.68
63.375, 2.68
63.5, 2.68
63.625, 2.68
63.74999999999999, 2.68
63.87500000000001, 2.68
64.0, 2.68
64.125, 2.68
64.25, 2.68
64.375, 2.68
64.5, 2.68
64.625, 2.68
64.75, 2.68
64.875, 2.68
65.0, 2.68
65.125, 2.68
65.25, 2.69
65.375, 2.7
65.09316770186335, 2.7
65.21739130434783, 2.7
65.3416149068323, 2.71
65.06172839506172, 2.72
65.18518518518519, 2.73
65.30864197530865, 2.73
65.4320987654321, 2.73
65.55555555555556, 2.73
65.67901234567901, 2.73
65.80246913580247, 2.73
65.92592592592592, 2.73
66.0493827160494, 2.73
66.17283950617285, 2.73
66.2962962962963, 2.73
66.0122699386503, 2.73
66.13496932515336, 2.73
66.25766871165644, 2.74
66.38036809815951, 2.75
66.09756097560975, 2.75
65.81818181818181, 2.77
65.1497005988024, 2.8
64.88095238095238, 2.82
65.0, 2.82
65.11904761904762, 2.82
64.85207100591715, 2.84
64.97041420118343, 2.84
65.08875739644971, 2.84
64.8235294117647, 2.85
64.94117647058823, 2.86
64.6783625730994, 2.87
64.4186046511628, 2.89
64.53488372093024, 2.89
64.65116279069767, 2.89
64.76744186046511, 2.89
64.88372093023256, 2.89
65.0, 2.89
65.11627906976744, 2.89
65.23255813953487, 2.89
64.97109826589596, 2.9
65.08670520231213, 2.9
65.20231213872833, 2.9
65.3179190751445, 2.9
65.4335260115607, 2.9
65.54913294797687, 2.9
65.66473988439306, 2.9
65.78034682080924, 2.9
65.89595375722543, 2.9
66.01156069364161, 2.9
66.1271676300578, 2.9
66.24277456647398, 2.91
65.97701149425286, 2.92
66.0919540229885, 2.92
66.20689655172414, 2.92
66.32183908045977, 2.92
66.4367816091954, 2.92
66.55172413793103, 2.93
66.66666666666666, 2.93
66.7816091954023, 2.93
66.13636363636364, 2.95
66.25, 2.95
66.36363636363637, 2.95
66.47727272727273, 2.95
66.5909090909091, 2.95
66.32768361581921, 2.97
66.44067796610169, 2.97
66.55367231638418, 2.97
66.66666666666666, 2.97
66.77966101694915, 2.98
66.51685393258427, 2.98
66.62921348314606, 2.98
66.74157303370787, 2.98
66.85393258426966, 2.98
66.96629213483146, 2.98
67.07865168539325, 2.98
67.19101123595506, 2.99
67.30337078651687, 2.99
67.41573033707866, 2.99
67.52808988764045, 3.0
67.64044943820224, 3.0
67.37430167597765, 3.01
67.48603351955308, 3.01
67.59776536312849, 3.01
67.7094972067039, 3.01
67.82122905027933, 3.01
67.55555555555556, 3.02
67.66666666666666, 3.02
67.77777777777779, 3.02
67.88888888888889, 3.02
68.0, 3.02
68.11111111111111, 3.02
68.22222222222221, 3.02
68.33333333333333, 3.02
68.44444444444444, 3.02
68.55555555555556, 3.02
68.66666666666667, 3.02
68.77777777777779, 3.02
68.88888888888889, 3.02
69.0, 3.02
69.11111111111111, 3.02
69.22222222222221, 3.02
69.33333333333334, 3.02
69.44444444444444, 3.02
69.55555555555556, 3.02
69.28176795580112, 3.03
69.39226519337016, 3.03
69.50276243093923, 3.03
69.23076923076923, 3.05
69.34065934065934, 3.05
69.45054945054945, 3.05
69.56043956043956, 3.06
69.67032967032966, 3.06
69.78021978021978, 3.06
69.89010989010988, 3.06
69.61748633879782, 3.07
69.72677595628414, 3.07
69.83606557377048, 3.08
69.1891891891892, 3.1
69.2972972972973, 3.1
69.4054054054054, 3.1
69.51351351351352, 3.1
69.62162162162161, 3.1
69.72972972972973, 3.1
69.83783783783784, 3.1
69.94594594594594, 3.11
69.6774193548387, 3.12
69.78494623655914, 3.12
69.89247311827957, 3.12
69.25531914893617, 3.15
68.994708994709, 3.17
69.1005291005291, 3.17
69.2063492063492, 3.18
68.94736842105263, 3.18
69.05263157894737, 3.19
69.15789473684211, 3.19
68.90052356020942, 3.21
69.00523560209425, 3.21
68.75, 3.22
68.85416666666667, 3.22
68.60103626943005, 3.23
68.70466321243524, 3.23
68.8082901554404, 3.23
68.9119170984456, 3.24
69.01554404145078, 3.24
68.76288659793815, 3.26
68.8659793814433, 3.26
68.96907216494846, 3.26
68.71794871794872, 3.27
68.46938775510203, 3.28
68.57142857142857, 3.3
68.6734693877551, 3.3
68.77551020408164, 3.3
68.87755102040816, 3.3
68.9795918367347, 3.3
69.08163265306122, 3.3
68.83248730964468, 3.3
68.93401015228426, 3.3
69.03553299492386, 3.3
69.13705583756345, 3.31
68.88888888888889, 3.32
68.98989898989899, 3.32
69.0909090909091, 3.32
69.1919191919192, 3.32
69.2929292929293, 3.32
69.39393939393939, 3.32
69.4949494949495, 3.32
69.5959595959596, 3.32
69.6969696969697, 3.32
69.7979797979798, 3.32
69.8989898989899, 3.32
70.0, 3.32
69.39999999999999, 3.35
69.5, 3.35
69.25373134328359, 3.37
69.35323383084577, 3.38
69.45273631840796, 3.38
69.55223880597015, 3.38
69.65174129353234, 3.38
69.4059405940594, 3.38
69.5049504950495, 3.39
69.39782823297136, 3.4
69.35960591133005, 3.4
69.45812807881774, 3.4
69.55665024630542, 3.4
69.6551724137931, 3.4
69.75369458128078, 3.4
69.85221674876847, 3.4
69.95073891625616, 3.4
70.04926108374384, 3.41
70.14778325123153, 3.41
70.24630541871922, 3.41
70.34482758620689, 3.41
70.44334975369459, 3.41
70.54187192118226, 3.41
70.64039408866995, 3.41
70.73891625615764, 3.41
70.49019607843138, 3.42
70.58823529411765, 3.43
70.34146341463415, 3.43
70.4390243902439, 3.43
70.53658536585365, 3.44
70.6341463414634, 3.44
70.73170731707317, 3.44
70.48543689320388, 3.45
70.58252427184466, 3.45
70.67961165048544, 3.45
70.7766990291262, 3.45
70.87378640776699, 3.45
70.97087378640776, 3.46
71.06796116504854, 3.46
71.16504854368932, 3.46
71.26213592233009, 3.46
71.35922330097088, 3.46
71.11111111111111, 3.47
71.20772946859904, 3.48
70.28571428571428, 3.52
70.38095238095238, 3.52
70.47619047619048, 3.52
70.57142857142857, 3.52
70.66666666666667, 3.53
70.76190476190476, 3.53
70.521327014218, 3.54
70.61611374407583, 3.54
70.71090047393365, 3.54
70.80568720379146, 3.55
70.56603773584905, 3.55
70.66037735849056, 3.55
70.75471698113208, 3.55
70.84905660377359, 3.55
70.94339622641509, 3.56
71.0377358490566, 3.56
70.7981220657277, 3.57
70.89201877934272, 3.58
70.98591549295776, 3.58
71.07981220657277, 3.58
70.8411214953271, 3.58
70.93457943925233, 3.59
71.02803738317756, 3.59
71.1214953271028, 3.59
70.88372093023256, 3.6
70.97674418604652, 3.6
71.06976744186046, 3.6
70.83333333333334, 3.62
70.92592592592592, 3.62
70.69124423963133, 3.63
70.45871559633028, 3.65
70.55045871559633, 3.65
70.64220183486239, 3.65
70.41095890410959, 3.67
70.50228310502284, 3.67
70.59360730593608, 3.68
70.68493150684931, 3.68
70.77625570776256, 3.68
70.73837739288969, 3.68
70.76502732240438, 3.68
70.72727272727273, 3.68
70.81818181818181, 3.68
70.9090909090909, 3.68
71.0, 3.68
71.0909090909091, 3.68
71.18181818181817, 3.68
71.27272727272728, 3.68
71.36363636363636, 3.68
71.45454545454545, 3.68
71.54545454545455, 3.68
71.63636363636363, 3.68
71.81818181818181, 3.68
71.72727272727273, 3.68
71.9090909090909, 3.68
72.0, 3.69
72.0909090909091, 3.69
72.18181818181819, 3.69
72.27272727272728, 3.69
72.36363636363636, 3.69
72.12669683257919, 3.71
72.21719457013575, 3.71
72.3076923076923, 3.71
72.07207207207207, 3.72
72.16216216216216, 3.72
71.92825112107624, 3.73
72.01793721973094, 3.73
72.10762331838565, 3.74
72.19730941704036, 3.74
71.96428571428571, 3.75
72.05357142857143, 3.75
72.14285714285714, 3.75
72.23214285714286, 3.76
72.0, 3.77
72.08888888888889, 3.78
71.85840707964601, 3.79
71.94690265486726, 3.79
72.0353982300885, 3.8
71.80616740088107, 3.8
71.89427312775331, 3.8
71.98237885462555, 3.8
72.0704845814978, 3.8
72.15859030837004, 3.8
72.24669603524228, 3.8
72.33480176211454, 3.82
72.10526315789474, 3.82
72.19298245614036, 3.82
72.28070175438597, 3.82
72.36842105263158, 3.82
72.13973799126637, 3.84
72.22707423580786, 3.84
72.31441048034935, 3.84
72.40174672489083, 3.84
72.48908296943232, 3.85
72.26086956521739, 3.85
72.34782608695653, 3.85
72.43478260869564, 3.85
72.52173913043478, 3.85
72.60869565217392, 3.85
72.69565217391303, 3.85
72.78260869565217, 3.86
72.86956521739131, 3.86
72.95652173913044, 3.86
73.04347826086956, 3.86
73.1304347826087, 3.86
73.21739130434783, 3.86
72.98701298701299, 3.87
73.07359307359307, 3.87
73.16017316017316, 3.87
73.24675324675324, 3.87
73.33333333333333, 3.88
73.41991341991341, 3.88
73.50649350649351, 3.88
73.59307359307358, 3.88
73.67965367965368, 3.88
73.76623376623377, 3.88
73.85281385281385, 3.88
73.62068965517241, 3.89
73.70689655172413, 3.89
73.79310344827587, 3.89
73.87931034482759, 3.89
73.9655172413793, 3.89
74.05172413793103, 3.89
74.13793103448276, 3.89
74.22413793103448, 3.89
74.3103448275862, 3.89
74.07725321888412, 3.91
74.16309012875536, 3.91
73.93162393162393, 3.92
74.01709401709402, 3.92
74.1025641025641, 3.92
73.87234042553192, 3.94
73.64406779661017, 3.95
73.72881355932203, 3.95
73.8135593220339, 3.96
73.58649789029535, 3.97
73.67088607594937, 3.97
73.75527426160338, 3.97
73.83966244725738, 3.97
73.61344537815127, 3.99
73.69747899159664, 3.99
73.78151260504202, 4.0
73.8655462184874, 4.0
73.94957983193278, 4.0
73.72384937238495, 4.0
73.80753138075313, 4.0
73.89121338912133, 4.01
73.85129490392647, 4.02
73.87312186978298, 4.02
73.83333333333333, 4.02
73.91666666666666, 4.02
74.0, 4.02
74.08333333333333, 4.02
74.16666666666667, 4.02
74.25, 4.02
74.33333333333333, 4.02
74.41666666666666, 4.02
74.5, 4.02
74.58333333333333, 4.03
74.35684647302905, 4.03
74.43983402489627, 4.03
74.52282157676349, 4.03
74.60580912863071, 4.03
74.68879668049793, 4.03
74.77178423236515, 4.03
74.85477178423237, 4.03
74.93775933609959, 4.04
75.02074688796681, 4.04
75.10373443983403, 4.04
75.18672199170125, 4.05
75.26970954356847, 4.05
75.04132231404958, 4.06
75.12396694214875, 4.06
75.20661157024794, 4.06
75.2892561983471, 4.06
75.37190082644628, 4.06
75.45454545454545, 4.06
75.53719008264463, 4.06
75.6198347107438, 4.06
75.70247933884298, 4.06
75.47325102880659, 4.07
75.55555555555556, 4.08
75.327868852459, 4.08
75.40983606557377, 4.08
75.49180327868854, 4.08
75.57377049180329, 4.09
75.65573770491804, 4.1
75.73770491803279, 4.1
75.51020408163265, 4.1
75.59183673469387, 4.1
75.6734693877551, 4.1
75.75510204081633, 4.11
75.83673469387755, 4.11
75.60975609756098, 4.12
75.69105691056912, 4.12
75.77235772357723, 4.12
75.85365853658537, 4.12
75.9349593495935, 4.12
76.01626016260163, 4.12
76.09756097560975, 4.12
76.1788617886179, 4.13
76.260162601626, 4.13
76.34146341463415, 4.13
76.42276422764228, 4.13
76.5040650406504, 4.13
76.2753036437247, 4.13
76.35627530364373, 4.13
76.43724696356276, 4.13
76.51821862348179, 4.13
76.59919028340082, 4.14
76.68016194331983, 4.14
76.76113360323886, 4.14
76.84210526315789, 4.14
76.92307692307693, 4.14
77.00404858299595, 4.14
77.08502024291498, 4.14
77.16599190283401, 4.14
77.24696356275304, 4.14
77.32793522267207, 4.14
77.40890688259108, 4.14
77.48987854251013, 4.14
77.57085020242916, 4.14
77.65182186234819, 4.14
77.7327935222672, 4.14
77.5, 4.15
77.58064516129032, 4.15
77.66129032258064, 4.15
77.74193548387098, 4.15
77.82258064516128, 4.16
77.59036144578313, 4.17
77.36, 4.19
77.44, 4.19
77.52, 4.19
77.60000000000001, 4.19
77.68, 4.19
77.45019920318725, 4.2
77.22222222222223, 4.22
77.3015873015873, 4.22
77.38095238095238, 4.22
77.15415019762845, 4.24
77.23320158102767, 4.24
77.31225296442688, 4.24
77.39130434782608, 4.24
77.4703557312253, 4.25
77.5494071146245, 4.25
77.32283464566929, 4.25
77.40157480314961, 4.26
77.17647058823529, 4.27
77.25490196078432, 4.28
77.03125, 4.28
76.80933852140079, 4.3
76.88715953307394, 4.31
76.66666666666667, 4.32
76.74418604651163, 4.32
76.82170542635659, 4.33
76.89922480620154, 4.33
76.9767441860465, 4.33
76.75675675675676, 4.34
76.83397683397683, 4.34
76.91119691119691, 4.34
76.98841698841699, 4.34
77.06563706563706, 4.34
77.14285714285715, 4.34
77.22007722007721, 4.35
77.0, 4.35
77.07692307692308, 4.35
77.15384615384615, 4.35
77.23076923076924, 4.35
77.3076923076923, 4.36
77.38461538461539, 4.37
77.16475095785441, 4.37
77.24137931034483, 4.37
77.31800766283526, 4.38
77.09923664122137, 4.39
76.88212927756653, 4.4
76.95817490494296, 4.4
77.03422053231938, 4.4
76.81818181818181, 4.42
76.89393939393939, 4.42
76.96969696969697, 4.42
77.04545454545455, 4.42
77.12121212121212, 4.43
77.1969696969697, 4.43
77.27272727272727, 4.44
77.05660377358491, 4.44
77.13207547169812, 4.44
77.20754716981132, 4.44
77.28301886792453, 4.44
77.35849056603774, 4.45
77.14285714285715, 4.45
77.21804511278195, 4.45
77.29323308270676, 4.46
77.36842105263158, 4.46
77.44360902255639, 4.46
77.5187969924812, 4.46
77.59398496240601, 4.47
77.66917293233084, 4.47
77.74436090225564, 4.47
77.52808988764045, 4.47
77.60299625468164, 4.47
77.67790262172285, 4.47
77.75280898876404, 4.47
77.82771535580524, 4.47
77.90262172284645, 4.48
77.91916167664671, 4.48
77.76119402985074, 4.48
77.83582089552239, 4.49
77.91044776119404, 4.49
77.98507462686567, 4.49
78.05970149253731, 4.49
78.13432835820896, 4.49
78.2089552238806, 4.5
77.99256505576209, 4.5
78.06691449814126, 4.51
78.14126394052045, 4.52
77.92592592592592, 4.52
78.0, 4.52
78.07407407407408, 4.52
78.14814814814814, 4.52
78.22222222222223, 4.52
78.29629629629629, 4.52
78.37037037037037, 4.52
78.44444444444446, 4.52
78.51851851851852, 4.53
78.30258302583026, 4.55
78.08823529411765, 4.55
78.16176470588235, 4.55
78.23529411764706, 4.56
78.30882352941177, 4.56
78.38235294117646, 4.56
78.45588235294117, 4.56
78.52941176470588, 4.56
78.31501831501832, 4.57
78.3882783882784, 4.57
78.46153846153847, 4.57
78.53479853479854, 4.57
78.60805860805861, 4.57
78.68131868131869, 4.57
78.75457875457876, 4.58
78.54014598540145, 4.59
78.61313868613139, 4.59
78.68613138686132, 4.59
78.75912408759123, 4.59
78.83211678832117, 4.6
78.9051094890511, 4.6
78.97810218978101, 4.6
79.05109489051095, 4.6
78.55072463768116, 4.62
78.62318840579711, 4.62
78.4115523465704, 4.64
78.48375451263539, 4.64
78.55595667870035, 4.64
78.62815884476534, 4.64
78.70036101083032, 4.65
78.48920863309353, 4.65
78.56115107913669, 4.65
78.63309352517986, 4.65
78.70503597122303, 4.65
78.49462365591397, 4.67
78.5663082437276, 4.67
78.63799283154121, 4.67
78.70967741935485, 4.68
78.66857551896922, 4.68
78.57142857142857, 4.69
78.64285714285715, 4.69
78.71428571428571, 4.69
78.78571428571428, 4.69
78.85714285714286, 4.69
78.92857142857143, 4.69
79.0, 4.69
79.07142857142857, 4.69
79.14285714285715, 4.69
79.15774446823698, 4.7
78.72340425531915, 4.72
78.79432624113475, 4.73
78.86524822695036, 4.73
78.93617021276596, 4.73
79.00709219858156, 4.73
78.85431400282886, 4.74
78.92503536067893, 4.74
78.71740662438337, 4.75
78.78787878787878, 4.75
78.8583509513742, 4.75
78.92882311486963, 4.76
78.99929527836504, 4.77
79.06976744186046, 4.77
78.8623595505618, 4.77
78.93258426966293, 4.77
79.00280898876404, 4.77
79.07303370786516, 4.77
79.14325842696628, 4.78
78.66108786610879, 4.8
78.73082287308229, 4.8
78.80055788005579, 4.8
78.8702928870293, 4.8
78.94002789400278, 4.8
79.00976290097628, 4.8
79.07949790794979, 4.8
79.14923291492329, 4.8
79.21896792189679, 4.8
79.2887029288703, 4.8
79.3584379358438, 4.8
79.4281729428173, 4.81
79.49790794979079, 4.81
79.56764295676429, 4.81
79.6373779637378, 4.81
79.70711297071131, 4.82
79.7768479776848, 4.82
79.73537604456824, 4.82
79.638637943016, 4.82
79.70813064628214, 4.82
79.77762334954829, 4.82
79.84711605281446, 4.82
79.9166087560806, 4.83
79.70914127423822, 4.84
79.5031055900621, 4.85
79.57211870255348, 4.86
79.64113181504486, 4.86
79.71014492753623, 4.86
79.77915804002761, 4.86
79.84817115251897, 4.86
79.91718426501035, 4.86
79.98619737750172, 4.86
80.0552104899931, 4.86
79.84869325997249, 4.88
79.91746905089408, 4.88
79.71213159698424, 4.89
79.78067169294037, 4.9
79.8492117888965, 4.9
79.91775188485263, 4.9
79.98629198080877, 4.9
80.05483207676491, 4.9
80.12337217272105, 4.9
79.97265892002734, 4.9
79.9863387978142, 4.9
80.05464480874316, 4.9
80.12295081967213, 4.91
80.19125683060109, 4.91
80.25956284153006, 4.91
80.32786885245902, 4.92
80.12253233492171, 4.93
80.19060585432267, 4.93
80.25867937372362, 4.93
80.05427408412483, 4.94
80.12211668928086, 4.94
80.1899592944369, 4.94
80.25780189959293, 4.94
80.05409060175795, 4.96
80.12170385395537, 4.96
80.1893171061528, 4.96
79.98652291105121, 4.97
80.05390835579514, 4.97
80.12129380053908, 4.97
80.18867924528303, 4.97
79.98656816655473, 4.99
80.05372733378107, 4.99
80.12088650100738, 4.99
80.18804566823371, 4.99
80.25520483546003, 5.0
80.32236400268637, 5.0
requests, 1489
errors, 1196
